city_code,census_year,total_population,population_under_15,population_15_to_64,population_over_65,male_total_population,male_population_under_15,male_population_15_to_64,male_population_over_65,female_total_population,female_population_under_15,female_population_15_to_64,female_population_over_65
01000,2020,5224614,555804,2945727,1664023,2465088,284510,1451491,696197,2759526,271294,1494236,967826
01000,2010,5506419,657312,3482169,1358068,2603345,335353,1695591,567141,2903074,321959,1786578,790927
01000,2015,5381733,608296,3190804,1558387,2537089,310387,1561879,651286,2844644,297909,1628925,907101
01100,2020,1973395,215366,1185724,541242,918682,110196,566874,224966,1054713,105170,618850,316276
01100,2010,1913545,224212,1292313,391796,896850,113929,617208,162719,1016695,110283,675105,229077
01100,2015,1952356,221013,1235516,483534,910614,112743,590111,201313,1041742,108270,645405,282221
01101,2020,248680,23868,157719,57544,112853,12160,72743,22518,135827,11708,84976,35026
01101,2010,220189,22250,156677,41250,99791,11265,72576,15938,120398,10985,84101,25312
01101,2015,237627,23997,160339,50536,107756,12187,74227,19750,129871,11810,86112,30786
01102,2020,289323,33524,174146,77275,136596,17127,85175,32583,152727,16397,88971,44692
01102,2010,278781,34185,187505,55946,132481,17490,90807,23509,146300,16695,96698,32437
01102,2015,285321,32916,178950,68960,134534,16722,86767,28866,150787,16194,92183,40094
01103,2020,265379,29912,160813,68282,126023,15190,78640,28476,139356,14722,82173,39806
01103,2010,255873,31210,174326,49369,122154,15903,85113,20563,133719,15307,89213,28806
01103,2015,261912,30716,168302,61448,124649,15594,82491,25708,137263,15122,85811,35740
01104,2020,211835,22500,135635,53160,100062,11604,66174,22060,111773,10896,69461,31100
01104,2010,204259,23698,140875,38818,96974,11961,68450,16046,107285,11737,72425,22772
01104,2015,209584,23590,136879,47879,99020,12099,66499,19954,110564,11491,70380,27925
01105,2020,225298,23432,142582,57056,104154,12015,67628,23168,121144,11417,74954,33888
01105,2010,212118,23513,145007,42734,98960,11929,69048,17502,113158,11584,75959,25232
01105,2015,218652,23865,142751,51458,101482,12214,67849,21014,117170,11651,74902,30444
01106,2020,135777,13291,72469,47992,62347,6789,34547,20219,73430,6502,37922,27773
01106,2010,146341,15622,92635,37555,68072,7878,44026,15871,78269,7744,48609,21684
01106,2015,141190,14271,81598,44854,65305,7317,38809,18943,75885,6954,42789,25911
01107,2020,217040,24626,129043,59960,100027,12581,60644,24782,117013,12045,68399,35178
01107,2010,211229,24804,140434,45299,98090,12657,66249,18832,113139,12147,74185,26467
01107,2015,213578,24842,133411,54865,98648,12630,62921,22823,114930,12212,70490,32042
01108,2020,125083,12724,71427,40922,56755,6519,33162,17068,68328,6205,38265,23854
01108,2010,128492,15364,84942,28185,59035,7742,39367,11925,69457,7622,45575,16260
01108,2015,127767,13990,77888,35713,58312,7178,36054,15008,69455,6812,41834,20705
01109,2020,142625,17217,78885,44986,66913,8795,38010,19135,75712,8422,40875,25851
01109,2010,139644,17447,92107,30087,65899,8930,44216,12750,73745,8517,47891,17337
01109,2015,140999,17367,84637,38561,66284,8889,40662,16474,74715,8478,43975,22087
01110,2020,112355,14272,63005,34065,52952,7416,30151,14957,59403,6856,32854,19108
01110,2010,116619,16119,77805,22553,55394,8174,37356,9783,61225,7945,40449,12770
01110,2015,115726,15459,70761,29260,54624,7913,33832,12773,61102,7546,36929,16487
01202,2020,251084,23560,134953,89257,113965,11984,64971,35342,137119,11576,69982,53915
01202,2010,279127,30474,171405,76637,127046,15775,80853,30077,152081,14699,90552,46560
01202,2015,265979,27131,152154,85931,120376,13912,72223,33839,145603,13219,79931,52092
01203,2020,111299,9169,55643,45426,50136,4678,26790,18009,61163,4491,28853,27417
01203,2010,131928,13105,77215,41607,59514,6611,36495,16407,72414,6494,40720,25200
01203,2015,121924,11171,65317,45240,54985,5661,31183,18020,66939,5510,34134,27220
01204,2020,329306,34691,178060,112411,152108,17797,85575,46768,177198,16894,92485,65643
01204,2010,347095,40260,213269,91937,160094,20544,100065,38591,187001,19716,113204,53346
01204,2015,339605,37173,191423,106444,156402,18938,90649,44410,183203,18235,100774,62034
01205,2020,82383,7769,43398,30330,40390,3916,23259,12565,41993,3853,20139,17765
01205,2010,94535,10484,56279,27699,46074,5295,29187,11536,48461,5189,27092,16163
01205,2015,88564,9185,49005,30118,43143,4647,25831,12457,45421,4538,23174,17661
01206,2020,165077,16634,90595,56355,77506,8495,44886,23465,87571,8139,45709,32890
01206,2010,181169,21772,113635,45737,85474,11045,55146,19262,95695,10727,58489,26475
01206,2015,174742,19400,101909,52867,82185,9829,49888,22161,92557,9571,52021,30706
01207,2020,166536,19073,96804,49000,79623,9762,48097,20616,86913,9311,48707,28384
01207,2010,168057,21472,109040,37544,80584,10985,53468,16130,87473,10487,55572,21414
01207,2015,169327,20566,103890,44636,80994,10589,51271,18963,88333,9977,52619,25673
01208,2020,115480,12014,63217,38841,54729,6170,31713,16230,60751,5844,31504,22611
01208,2010,125689,15283,78202,31872,60171,7813,38700,13424,65518,7470,39502,18448
01208,2015,121226,13570,70781,36437,58020,6897,35523,15291,63206,6673,35258,21146
01209,2020,7334,411,3093,3828,3381,199,1609,1571,3953,212,1484,2257
01209,2010,10922,719,5417,4786,5179,363,2860,1956,5743,356,2557,2830
01209,2015,8843,500,4045,4296,4092,241,2090,1759,4751,259,1955,2537
01210,2020,79306,7859,42391,28880,37105,3961,21004,12062,42201,3898,21387,16818
01210,2010,90145,10253,54834,25032,42111,5251,26401,10441,48034,5002,28433,14591
01210,2015,84499,8983,47848,27503,39319,4597,23127,11509,45180,4386,24721,15994
01211,2020,35759,3731,20405,11259,18060,1932,11042,4818,17699,1799,9363,6441
01211,2010,40998,5061,26578,9324,20981,2656,14269,4030,20017,2405,12309,5294
01211,2015,39077,4571,23698,10691,19819,2358,12794,4578,19258,2213,10904,6113
01212,2020,20114,1711,9981,7425,9649,885,5234,3002,10465,826,4747,4423
01212,2010,24457,2751,14807,6899,11679,1394,7443,2842,12778,1357,7364,4057
01212,2015,22221,2290,12391,7513,10516,1137,6298,3069,11705,1153,6093,4444
01213,2020,170113,20426,96847,50022,83522,10593,49324,21637,86591,9833,47523,28385
01213,2010,173320,23476,113284,36515,84687,11930,57046,15670,88633,11546,56238,20845
01213,2015,172737,22401,105217,44469,84605,11469,53472,19164,88132,10932,51745,25305
01214,2020,33563,3484,18920,11025,16651,1806,10016,4739,16912,1678,8904,6286
01214,2010,39595,4807,25125,9663,19315,2407,12871,4037,20280,2400,12254,5626
01214,2015,36380,4304,21570,10505,17809,2218,11172,4419,18571,2086,10398,6086
01215,2020,20413,1539,10169,8642,9565,813,5143,3575,10848,726,5026,5067
01215,2010,26034,2573,14887,8555,12215,1344,7363,3496,13819,1229,7524,5059
01215,2015,23035,1973,12205,8853,10753,1039,6074,3638,12282,934,6131,5215
01216,2020,12555,845,5705,5995,5762,435,2854,2464,6793,410,2851,3531
01216,2010,16628,1429,8791,6407,7585,724,4188,2672,9043,705,4603,3735
01216,2015,14676,1109,7160,6405,6667,566,3473,2626,8009,543,3687,3779
01217,2020,121056,13400,69555,36783,57523,6786,34012,15876,63533,6614,35543,20907
01217,2010,123722,15041,81565,27008,59320,7566,40092,11583,64402,7475,41473,15425
01217,2015,120636,13524,74253,32585,57391,6868,36364,13970,63245,6656,37889,18615
01218,2020,9698,603,4280,4669,4388,299,2139,1878,5310,304,2141,2791
01218,2010,12637,1072,6655,4909,5745,539,3150,2055,6892,533,3505,2854
01218,2015,11105,835,5306,4964,5025,428,2554,2043,6080,407,2752,2921
01219,2020,21215,1971,11515,7697,9901,992,5782,3104,11314,979,5733,4593
01219,2010,24750,2774,14855,7103,11563,1472,7232,2845,13187,1302,7623,4258
01219,2015,23109,2329,12707,7631,10954,1221,6347,3082,12155,1108,6360,4549
01220,2020,17858,1652,8803,7350,8416,855,4490,3044,9442,797,4313,4306
01220,2010,21787,2584,12069,7134,10205,1331,5873,3001,11582,1253,6196,4133
01220,2015,19914,2066,10384,7451,9382,1066,5195,3112,10532,1000,5189,4339
01221,2020,27282,3018,15232,8747,13322,1561,7893,3682,13960,1457,7339,5065
01221,2010,30591,3767,18597,8227,14669,1897,9325,3447,15922,1870,9272,4780
01221,2015,29048,3453,16755,8794,14072,1763,8565,3716,14976,1690,8190,5078
01222,2020,8040,655,3566,3819,3631,315,1845,1471,4409,340,1721,2348
01222,2010,10221,773,5121,4327,4625,388,2521,1716,5596,385,2600,2611
01222,2015,9076,694,4199,4181,4075,336,2109,1629,5001,358,2090,2552
01223,2020,24636,2396,13370,8648,11762,1217,6832,3550,12874,1179,6538,5098
01223,2010,29201,3565,17899,7732,13883,1838,8890,3150,15318,1727,9009,4582
01223,2015,26917,3033,15533,8285,12862,1570,7830,3413,14055,1463,7703,4872
01224,2020,97950,13012,62066,22690,49790,6681,32906,10088,48160,6331,29160,12602
01224,2010,93604,13883,63261,16293,47836,7192,33291,7214,45768,6691,29970,9079
01224,2015,95648,13573,61908,19979,48588,7011,32634,8851,47060,6562,29274,11128
01225,2020,39490,3995,21161,13821,18832,2104,10702,5682,20658,1891,10459,8139
01225,2010,43170,5132,26067,11912,20314,2724,12536,5008,22856,2408,13531,6904
01225,2015,41192,4456,23001,13353,19475,2327,11284,5615,21717,2129,11717,7738
01226,2020,16486,1388,8138,6404,7607,682,3985,2640,8879,706,4153,3764
01226,2010,19056,2147,10977,5932,8925,1098,5337,2490,10131,1049,5640,3442
01226,2015,17694,1758,9355,6390,8216,871,4573,2670,9478,887,4782,3720
01227,2020,2989,142,1252,1592,1399,80,659,658,1590,62,593,934
01227,2010,4387,337,2242,1808,1955,167,1113,675,2432,170,1129,1133
01227,2015,3585,217,1696,1672,1652,122,864,666,1933,95,832,1006
01228,2020,20039,1634,9802,8544,9362,853,4981,3482,10677,781,4821,5062
01228,2010,23709,2295,13128,8284,10987,1159,6373,3454,12722,1136,6755,4830
01228,2015,21909,1995,11281,8616,10118,997,5551,3564,11791,998,5730,5052
01229,2020,21131,2211,11512,7255,9947,1126,5645,3073,11184,1085,5867,4182
01229,2010,24259,3155,14591,6512,11418,1554,7115,2749,12841,1601,7476,3763
01229,2015,22936,2684,13092,7096,10783,1348,6426,2973,12153,1336,6666,4123
01230,2020,46391,4775,24170,17287,22146,2480,12215,7373,24245,2295,11955,9914
01230,2010,51526,6086,30802,14612,24514,3110,15129,6258,27012,2976,15673,8354
01230,2015,49625,5312,26948,16602,23533,2726,13364,7052,26092,2586,13584,9550
01231,2020,70331,8701,41413,19673,34088,4476,20687,8560,36243,4225,20726,11113
01231,2010,69384,9690,45110,14427,33945,4909,22546,6392,35439,4781,22564,8035
01231,2015,69702,9132,42897,17465,33781,4571,21366,7716,35921,4561,21531,9749
01233,2020,32826,3355,16832,12601,15176,1714,8168,5268,17650,1641,8664,7333
01233,2010,36278,4276,20959,11040,16812,2195,10026,4588,19466,2081,10933,6452
01233,2015,34995,3966,18910,12107,16279,2056,9131,5081,18716,1910,9779,7026
01234,2020,58171,6395,32140,19380,27763,3267,15829,8514,30408,3128,16311,10866
01234,2010,60353,8083,38693,13547,28959,4117,18755,6062,31394,3966,19938,7485
01234,2015,59064,7213,34586,17103,28273,3688,16908,7572,30791,3525,17678,9531
01235,2020,56869,6821,30645,19402,27324,3502,15273,8549,29545,3319,15372,10853
01235,2010,59449,8063,37624,13761,28554,4091,18414,6048,30895,3972,19210,7713
01235,2015,57436,7415,32732,17229,27548,3759,16156,7588,29888,3656,16576,9641
01236,2020,44302,5444,25434,13332,20542,2808,12184,5541,23760,2636,13250,7791
01236,2010,48032,7217,30038,10749,22515,3663,14452,4381,25517,3554,15586,6368
01236,2015,46390,6353,27723,12297,21641,3224,13376,5031,24749,3129,14347,7266
01303,2020,15916,1178,8983,5553,7703,589,4509,2482,8213,589,4474,3071
01303,2010,18766,2158,11931,4594,9078,1066,5979,1979,9688,1092,5952,2615
01303,2015,17278,1547,10453,5210,8314,802,5231,2243,8964,745,5222,2967
01304,2020,3044,300,1591,1142,1484,160,852,467,1560,140,739,675
01304,2010,3515,402,2059,1054,1729,214,1081,434,1786,188,978,620
01304,2015,3329,357,1872,1100,1604,182,980,442,1725,175,892,658
01331,2020,6260,377,2611,3266,2805,187,1272,1343,3455,190,1339,1923
01331,2010,8748,791,4633,3324,4028,393,2288,1347,4720,398,2345,1977
01331,2015,7337,542,3421,3372,3283,280,1644,1357,4054,262,1777,2015
01332,2020,3794,228,1711,1851,1755,103,871,778,2039,125,840,1073
01332,2010,5114,446,2796,1872,2386,219,1397,770,2728,227,1399,1102
01332,2015,4422,331,2238,1853,2047,150,1127,770,2375,181,1111,1083
01333,2020,4167,357,2160,1649,2060,176,1156,727,2107,181,1004,922
01333,2010,5074,636,2936,1502,2461,329,1523,609,2613,307,1413,893
01333,2015,4653,508,2553,1592,2306,262,1376,668,2347,246,1177,924
01334,2020,3832,232,1678,1908,1750,113,831,793,2082,119,847,1115
01334,2010,5341,442,2830,2069,2556,232,1475,849,2785,210,1355,1220
01334,2015,4547,307,2236,2004,2150,147,1192,811,2397,160,1044,1193
01337,2020,27686,3215,14743,9719,12679,1637,6996,4040,15007,1578,7747,5679
01337,2010,28463,3607,16924,7922,12977,1844,7913,3214,15486,1763,9011,4708
01337,2015,28120,3384,15672,9058,12820,1711,7373,3733,15300,1673,8299,5325
01343,2020,3760,342,1901,1517,1779,176,919,684,1981,166,982,833
01343,2010,4767,536,2911,1320,2339,267,1453,619,2428,269,1458,701
01343,2015,4226,423,2285,1518,2053,214,1145,694,2173,209,1140,824
01345,2020,14338,1364,7403,5532,6658,682,3659,2289,7680,682,3744,3243
01345,2010,17859,2185,10462,5212,8347,1149,5097,2101,9512,1036,5365,3111
01345,2015,15946,1795,8625,5526,7324,928,4157,2239,8622,867,4468,3287
01346,2020,15826,1591,8504,5534,7894,831,4600,2311,7932,760,3904,3223
01346,2010,18896,2339,11519,5037,9130,1200,5871,2058,9766,1139,5648,2979
01346,2015,17252,1967,9895,5369,8401,1011,5105,2273,8851,956,4790,3096
01347,2020,5109,415,2507,2088,2448,200,1337,854,2661,215,1170,1234
01347,2010,6386,582,3572,2232,3040,291,1851,898,3346,291,1721,1334
01347,2015,5926,507,3229,2190,2869,241,1735,893,3057,266,1494,1297
01361,2020,7428,589,3950,2846,3569,295,2097,1145,3859,294,1853,1701
01361,2010,9004,1041,5221,2742,4234,536,2640,1058,4770,505,2581,1684
01361,2015,8248,818,4589,2839,3910,430,2357,1121,4338,388,2232,1718
01362,2020,4306,388,2047,1868,1965,197,986,779,2341,191,1061,1089
01362,2010,5428,625,2962,1841,2421,312,1363,746,3007,313,1599,1095
01362,2015,4876,506,2427,1943,2193,256,1153,784,2683,250,1274,1159
01363,2020,3592,339,1713,1540,1717,181,882,654,1875,158,831,886
01363,2010,4409,484,2393,1532,2102,255,1207,640,2307,229,1186,892
01363,2015,4049,440,2050,1556,1918,237,1019,659,2131,203,1031,897
01364,2020,3403,284,1567,1552,1538,142,746,650,1865,142,821,902
01364,2010,4408,495,2397,1516,2029,231,1177,621,2379,264,1220,895
01364,2015,3906,385,1943,1578,1791,190,954,647,2115,195,989,931
01367,2020,2410,163,1250,997,1280,86,774,420,1130,77,476,577
01367,2010,3033,317,1723,993,1524,154,966,404,1509,163,757,589
01367,2015,2690,253,1442,995,1372,137,823,412,1318,116,619,583
01370,2020,5072,468,2515,2089,2446,236,1334,876,2626,232,1181,1213
01370,2010,6186,659,3480,2047,2951,333,1759,859,3235,326,1721,1188
01370,2015,5628,566,2965,2097,2680,278,1531,871,2948,288,1434,1226
01371,2020,7398,587,3323,3482,3466,298,1706,1459,3932,289,1617,2023
01371,2010,9590,1019,4961,3610,4478,532,2435,1511,5112,487,2526,2099
01371,2015,8473,749,4135,3589,3952,402,2094,1456,4521,347,2041,2133
01391,2020,1356,112,680,564,687,58,396,233,669,54,284,331
01391,2010,1781,179,926,676,853,101,490,262,928,78,436,414
01391,2015,1499,118,773,608,734,62,424,248,765,56,349,360
01392,2020,2838,258,1411,1167,1397,139,749,508,1441,119,662,659
01392,2010,3443,336,1892,1215,1656,187,972,497,1787,149,920,718
01392,2015,3137,319,1658,1160,1528,167,887,474,1609,152,771,686
01393,2020,2791,304,1385,1102,1353,163,758,432,1438,141,627,670
01393,2010,3250,398,1699,1153,1534,204,865,465,1716,194,834,688
01393,2015,3082,348,1583,1151,1415,176,812,427,1667,172,771,724
01394,2020,4568,453,2285,1828,2197,229,1180,786,2371,224,1105,1042
01394,2010,5292,641,2905,1746,2539,329,1465,745,2753,312,1440,1001
01394,2015,4843,506,2536,1801,2322,249,1307,766,2521,257,1229,1035
01395,2020,5074,619,2797,1307,2624,339,1484,595,2450,280,1313,712
01395,2010,4823,589,3027,1207,2365,310,1551,504,2458,279,1476,703
01395,2015,4958,652,2893,1322,2512,356,1518,583,2446,296,1375,739
01396,2020,2045,242,1098,705,1035,131,602,302,1010,111,496,403
01396,2010,2189,235,1288,666,1080,117,687,276,1109,118,601,390
01396,2015,2103,239,1165,698,1037,119,633,284,1066,120,532,414
01397,2020,1911,234,1184,493,971,115,638,218,940,119,546,275
01397,2010,2034,261,1252,502,1004,131,655,207,1030,130,597,295
01397,2015,1907,243,1202,462,951,126,629,196,956,117,573,266
01398,2020,2156,177,1044,805,1112,92,560,366,1044,85,484,439
01398,2010,2490,230,1452,808,1276,123,785,368,1214,107,667,440
01398,2015,2294,207,1204,866,1171,109,658,391,1123,98,546,475
01399,2020,2941,297,1446,1114,1420,158,733,483,1521,139,713,631
01399,2010,3811,441,2267,1100,2032,229,1328,473,1779,212,939,627
01399,2015,3187,388,1645,1144,1553,210,853,485,1634,178,792,659
01400,2020,15129,1941,9096,3731,7787,999,4995,1611,7342,942,4101,2120
01400,2010,15568,2181,10045,3342,7792,1097,5291,1404,7776,1084,4754,1938
01400,2015,15018,2125,9097,3708,7538,1055,4832,1580,7480,1070,4265,2128
01401,2020,5772,650,3273,1826,3047,340,1884,800,2725,310,1389,1026
01401,2010,6428,835,3814,1779,3215,416,2061,738,3213,419,1753,1041
01401,2015,6224,721,3670,1824,3243,347,2100,787,2981,374,1570,1037
01402,2020,11648,1106,6157,4364,5500,574,3149,1757,6148,532,3008,2607
01402,2010,14451,1667,8396,4384,6700,849,4079,1768,7751,818,4317,2616
01402,2015,13042,1367,7241,4408,6174,697,3718,1739,6868,670,3523,2669
01403,2020,1569,147,797,625,784,80,461,243,785,67,336,382
01403,2010,1883,256,1016,611,919,139,557,223,964,117,459,388
01403,2015,1771,195,951,625,888,111,555,222,883,84,396,403
01404,2020,870,65,357,448,400,28,195,177,470,37,162,271
01404,2010,1122,100,538,484,503,54,283,166,619,46,255,318
01404,2015,1004,78,468,458,462,34,258,170,542,44,210,288
01405,2020,1831,148,823,859,855,81,427,346,976,67,396,513
01405,2010,2516,218,1285,1013,1180,115,651,414,1336,103,634,599
01405,2015,2115,191,996,926,1004,101,509,394,1111,90,487,532
01406,2020,2745,207,1297,1154,1307,111,659,492,1438,96,638,662
01406,2010,3611,279,2002,1330,1687,141,998,548,1924,138,1004,782
01406,2015,3188,253,1641,1294,1518,132,866,520,1670,121,775,774
01407,2020,3180,344,1554,1282,1526,178,803,545,1654,166,751,737
01407,2010,3800,396,2141,1263,1795,220,1045,530,2005,176,1096,733
01407,2015,3498,351,1847,1300,1625,180,892,553,1873,171,955,747
01408,2020,18000,1667,9020,7260,8342,839,4528,2943,9658,828,4492,4317
01408,2010,21258,2371,12215,6672,9778,1258,5868,2652,11480,1113,6347,4020
01408,2015,19607,1995,10452,7130,9063,1046,5135,2852,10544,949,5317,4278
01409,2020,1165,131,673,361,606,66,384,156,559,65,289,205
01409,2010,1262,170,746,346,641,79,410,152,621,91,336,194
01409,2015,1121,139,618,364,566,63,335,168,555,76,283,196
01423,2020,7319,693,4057,2555,3461,357,1981,1117,3858,336,2076,1438
01423,2010,8778,1025,5679,2074,4192,536,2761,895,4586,489,2918,1179
01423,2015,7927,739,4825,2362,3739,385,2349,1004,4188,354,2476,1358
01424,2020,5120,439,2490,2189,2405,233,1268,902,2715,206,1222,1287
01424,2010,6194,656,3358,2180,2898,352,1673,873,3296,304,1685,1307
01424,2015,5674,516,2945,2212,2659,282,1475,901,3015,234,1470,1311
01425,2020,2841,182,1201,1458,1292,96,613,583,1549,86,588,875
01425,2010,4086,355,1996,1735,1833,171,991,671,2253,184,1005,1064
01425,2015,3479,258,1567,1654,1575,121,793,661,1904,137,774,993
01427,2020,4822,401,2324,2044,2302,219,1202,851,2520,182,1122,1193
01427,2010,5896,621,3269,2006,2807,320,1648,839,3089,301,1621,1167
01427,2015,5314,538,2773,2003,2536,283,1417,836,2778,255,1356,1167
01428,2020,10289,1010,5280,3969,4919,520,2701,1678,5370,490,2579,2291
01428,2010,11691,1338,6877,3476,5584,682,3445,1457,6107,656,3432,2019
01428,2015,11076,1166,6065,3840,5293,595,3100,1595,5783,571,2965,2245
01429,2020,11272,1083,5528,4636,5176,491,2769,1894,6096,592,2759,2742
01429,2010,13340,1484,7481,4366,6210,734,3644,1825,7130,750,3837,2541
01429,2015,12344,1277,6473,4594,5740,622,3204,1914,6604,655,3269,2680
01430,2020,3691,214,2064,1376,2185,113,1439,610,1506,101,625,766
01430,2010,4859,327,3188,1343,2938,166,2199,572,1921,161,989,771
01430,2015,4577,268,2840,1468,2841,144,2028,668,1736,124,812,800
01431,2020,1732,173,781,777,845,83,417,344,887,90,364,433
01431,2010,2206,227,1173,806,1057,128,590,339,1149,99,583,467
01431,2015,1985,197,1019,769,956,105,537,314,1029,92,482,455
01432,2020,6484,719,3099,2666,2976,355,1535,1086,3508,364,1564,1580
01432,2010,7249,858,3936,2455,3325,415,1889,1021,3924,443,2047,1434
01432,2015,6831,755,3443,2631,3096,366,1658,1070,3735,389,1785,1561
01433,2020,2693,217,1207,1269,1290,111,638,541,1403,106,569,728
01433,2010,3462,347,1820,1295,1642,185,909,548,1820,162,911,747
01433,2015,3091,274,1468,1349,1451,145,744,562,1640,129,724,787
01434,2020,2329,229,1093,985,1072,104,544,411,1257,125,549,574
01434,2010,2730,253,1454,1023,1301,130,738,433,1429,123,716,590
01434,2015,2513,227,1235,1051,1177,111,630,436,1336,116,605,615
01436,2020,2389,194,1186,1009,1165,101,634,430,1224,93,552,579
01436,2010,3049,323,1700,1026,1468,181,880,407,1581,142,820,619
01436,2015,2749,262,1445,1042,1323,141,763,419,1426,121,682,623
01437,2020,1724,162,787,775,823,77,403,343,901,85,384,432
01437,2010,2193,215,1123,855,1026,99,557,370,1167,116,566,485
01437,2015,1981,179,942,860,938,84,477,377,1043,95,465,483
01438,2020,2909,257,1412,1240,1392,122,735,535,1517,135,677,705
01438,2010,3612,357,1984,1271,1707,174,1004,529,1905,183,980,742
01438,2015,3181,283,1602,1296,1501,136,827,538,1680,147,775,758
01452,2020,6567,804,3491,2272,3105,435,1679,991,3462,369,1812,1281
01452,2010,7345,1159,4214,1972,3482,603,2019,860,3863,556,2195,1112
01452,2015,7018,1040,3852,2126,3309,530,1866,913,3709,510,1986,1213
01453,2020,10127,1545,5638,2929,4702,795,2664,1232,5425,750,2974,1697
01453,2010,9292,1583,5618,2091,4345,782,2658,905,4947,801,2960,1186
01453,2015,10233,1609,6007,2617,4772,806,2860,1106,5461,803,3147,1511
01454,2020,6319,649,3011,2659,2912,308,1480,1124,3407,341,1531,1535
01454,2010,7087,809,3773,2505,3270,406,1836,1028,3817,403,1937,1477
01454,2015,6689,721,3309,2659,3076,355,1602,1119,3613,366,1707,1540
01455,2020,3520,353,1706,1461,1662,174,871,617,1858,179,835,844
01455,2010,4042,402,2162,1478,1913,191,1066,656,2129,211,1096,822
01455,2015,3777,358,1896,1523,1787,171,953,663,1990,187,943,860
01456,2020,2605,221,1178,1206,1215,125,585,505,1390,96,593,701
01456,2010,3328,342,1731,1255,1566,177,853,536,1762,165,878,719
01456,2015,2976,275,1443,1258,1393,149,715,529,1583,126,728,729
01457,2020,3500,263,1687,1550,1708,133,931,644,1792,130,756,906
01457,2010,4532,444,2496,1592,2158,210,1270,678,2374,234,1226,914
01457,2015,4044,357,2082,1605,1936,169,1098,669,2108,188,984,936
01458,2020,8314,1085,4469,2759,3877,547,2162,1168,4437,538,2307,1591
01458,2010,7859,1070,4592,2197,3699,524,2232,943,4160,546,2360,1254
01458,2015,8111,1057,4450,2603,3719,510,2099,1109,4392,547,2351,1494
01459,2020,9668,927,4992,3749,4495,430,2479,1586,5173,497,2513,2163
01459,2010,10956,1265,6025,3666,5171,663,2920,1588,5785,602,3105,2078
01459,2015,10292,1116,5437,3735,4826,541,2690,1592,5466,575,2747,2143
01460,2020,10348,1195,5741,3314,5363,642,3210,1446,4985,553,2531,1868
01460,2010,11545,1639,6970,2936,5768,824,3658,1286,5777,815,3312,1650
01460,2015,10826,1415,6141,3234,5442,731,3259,1420,5384,684,2882,1814
01461,2020,4733,594,2406,1731,2260,295,1199,764,2473,299,1207,967
01461,2010,5477,772,3096,1609,2589,404,1512,673,2888,368,1584,936
01461,2015,5069,648,2703,1672,2405,322,1334,724,2664,326,1369,948
01462,2020,2376,250,1355,766,1228,123,772,328,1148,127,583,438
01462,2010,2814,324,1637,853,1401,179,860,362,1413,145,777,491
01462,2015,2555,288,1451,816,1273,152,777,344,1282,136,674,472
01463,2020,1306,100,847,305,653,46,432,142,653,54,415,163
01463,2010,1394,130,964,294,779,60,587,128,615,70,377,166
01463,2015,1211,116,770,311,604,58,396,138,607,58,374,173
01464,2020,3192,308,1470,1414,1497,170,743,584,1695,138,727,830
01464,2010,3832,400,1927,1505,1757,208,938,611,2075,192,989,894
01464,2015,3596,360,1709,1527,1656,181,865,610,1940,179,844,917
01465,2020,2926,279,1451,1196,1425,161,749,515,1501,118,702,681
01465,2010,3565,385,1978,1202,1705,216,974,515,1860,169,1004,687
01465,2015,3228,307,1733,1188,1567,164,885,518,1661,143,848,670
01468,2020,3126,316,1514,1257,1491,160,789,523,1635,156,725,734
01468,2010,3775,365,2032,1378,1800,194,1032,574,1975,171,1000,804
01468,2015,3547,350,1827,1370,1718,173,969,576,1829,177,858,794
01469,2020,4145,369,2075,1699,2038,197,1095,744,2107,172,980,955
01469,2010,5178,548,2870,1760,2513,281,1468,764,2665,267,1402,996
01469,2015,4659,431,2495,1728,2287,237,1291,755,2372,194,1204,973
01470,2020,706,44,432,208,365,22,238,97,341,22,194,111
01470,2010,995,53,696,246,540,17,419,104,455,36,277,142
01470,2015,832,45,558,229,435,16,317,102,397,29,241,127
01471,2020,1528,140,770,593,805,73,456,264,723,67,314,329
01471,2010,1907,176,1066,665,973,88,592,293,934,88,474,372
01471,2015,1767,183,958,626,938,103,555,280,829,80,403,346
01472,2020,1370,120,691,559,681,68,370,243,689,52,321,316
01472,2010,1710,193,897,620,838,89,466,283,872,104,431,337
01472,2015,1525,154,774,597,754,76,407,271,771,78,367,326
01481,2020,3908,323,1857,1728,1776,172,937,667,2132,151,920,1061
01481,2010,5078,479,2658,1941,2295,266,1261,768,2783,213,1397,1173
01481,2015,4497,427,2179,1891,2024,234,1040,750,2473,193,1139,1141
01482,2020,2994,265,1527,1201,1431,146,790,494,1563,119,737,707
01482,2010,3717,357,2071,1289,1789,193,1058,538,1928,164,1013,751
01482,2015,3336,301,1811,1224,1585,161,919,505,1751,140,892,719
01483,2020,2936,285,1463,1186,1428,153,769,505,1508,132,694,681
01483,2010,3656,392,1927,1337,1710,206,936,568,1946,186,991,769
01483,2015,3265,333,1657,1275,1549,176,843,530,1716,157,814,745
01484,2020,6548,619,3096,2832,3163,337,1680,1145,3385,282,1416,1687
01484,2010,7964,828,4284,2850,3777,426,2167,1183,4187,402,2117,1667
01484,2015,7327,789,3629,2903,3490,408,1882,1195,3837,381,1747,1708
01485,2020,1080,90,569,421,518,46,285,187,562,44,284,234
01485,2010,1369,157,741,471,663,86,387,190,706,71,354,281
01485,2015,1217,114,666,437,578,53,345,180,639,61,321,257
01486,2020,2520,248,1238,1034,1222,129,658,435,1298,119,580,599
01486,2010,3084,371,1656,1057,1510,202,854,454,1574,169,802,603
01486,2015,2806,296,1447,1063,1368,158,760,450,1438,138,687,613
01487,2020,2950,300,1545,1097,1478,152,848,472,1472,148,697,625
01487,2010,3780,453,2275,1052,1900,241,1228,431,1880,212,1047,621
01487,2015,3243,364,1830,1049,1643,187,1005,451,1600,177,825,598
01511,2020,2611,366,1622,615,1285,183,832,264,1326,183,790,351
01511,2010,2825,435,1776,614,1344,202,894,248,1481,233,882,366
01511,2015,2684,416,1656,612,1282,187,843,252,1402,229,813,360
01512,2020,3448,312,1831,1293,1675,151,968,544,1773,161,863,749
01512,2010,4168,504,2516,1148,1959,262,1231,466,2209,242,1285,682
01512,2015,3881,416,2218,1246,1871,210,1131,529,2010,206,1087,717
01513,2020,1637,160,822,655,818,80,459,279,819,80,363,376
01513,2010,1974,207,1057,710,961,106,531,324,1013,101,526,386
01513,2015,1757,158,918,680,869,82,490,296,888,76,428,384
01514,2020,7565,790,4078,2696,3600,389,2079,1132,3965,401,1999,1564
01514,2010,9125,1174,5375,2576,4313,593,2629,1091,4812,581,2746,1485
01514,2015,8437,990,4729,2717,3983,500,2337,1145,4454,490,2392,1572
01516,2020,3974,388,2114,1357,2098,218,1172,613,1876,170,942,744
01516,2010,4378,528,2658,1192,2208,274,1427,507,2170,254,1231,685
01516,2015,4054,477,2352,1224,2037,268,1255,514,2017,209,1097,710
01517,2020,2509,259,1340,910,1284,133,727,424,1225,126,613,486
01517,2010,3078,316,1816,946,1532,165,964,403,1546,151,852,543
01517,2015,2773,269,1561,943,1398,148,843,407,1375,121,718,536
01518,2020,2004,185,1010,809,994,94,543,357,1010,91,467,452
01518,2010,2590,241,1465,884,1295,115,812,368,1295,126,653,516
01518,2015,2303,217,1211,875,1122,93,652,377,1181,124,559,498
01519,2020,2458,252,1265,941,1188,138,657,393,1270,114,608,548
01519,2010,3037,342,1665,1030,1446,183,841,422,1591,159,824,608
01519,2015,2787,340,1447,1000,1321,179,741,401,1466,161,706,599
01520,2020,2371,274,1416,681,1290,136,849,305,1081,138,567,376
01520,2010,2677,328,1738,611,1393,184,966,243,1284,144,772,368
01520,2015,2447,320,1478,649,1279,166,842,271,1168,154,636,378
01543,2020,18697,1928,10043,6713,9063,990,5189,2872,9634,938,4854,3841
01543,2010,21575,2720,12903,5950,10456,1394,6516,2544,11119,1326,6387,3406
01543,2015,20296,2376,11374,6533,9763,1228,5750,2775,10533,1148,5624,3758
01544,2020,4373,365,1940,1978,2096,179,1056,816,2277,186,884,1162
01544,2010,5646,573,2964,2109,2703,320,1518,865,2943,253,1446,1244
01544,2015,5008,432,2483,2093,2427,233,1320,874,2581,199,1163,1219
01545,2020,11418,1337,6221,3839,5672,687,3307,1659,5746,650,2914,2180
01545,2010,13045,1535,8070,3440,6517,814,4238,1465,6528,721,3832,1975
01545,2015,12231,1426,7139,3666,6113,747,3794,1572,6118,679,3345,2094
01546,2020,3883,453,1868,1484,1882,247,972,628,2001,206,896,856
01546,2010,4551,554,2497,1500,2206,292,1280,634,2345,262,1217,866
01546,2015,4221,528,2179,1514,2049,296,1119,634,2172,232,1060,880
01547,2020,4623,533,2312,1772,2207,274,1171,758,2416,259,1141,1014
01547,2010,5358,630,3025,1703,2545,319,1519,707,2813,311,1506,996
01547,2015,5085,599,2710,1773,2414,291,1377,744,2671,308,1333,1029
01549,2020,4677,531,2314,1828,2241,270,1167,800,2436,261,1147,1028
01549,2010,5435,660,3079,1696,2599,333,1531,735,2836,327,1548,961
01549,2015,5100,616,2654,1830,2412,296,1321,795,2688,320,1333,1035
01550,2020,2775,270,1261,1244,1281,127,652,502,1494,143,609,742
01550,2010,3428,344,1779,1305,1575,184,839,552,1853,160,940,753
01550,2015,3092,287,1496,1305,1424,141,729,550,1668,146,767,755
01552,2020,4875,492,2458,1924,2296,259,1212,824,2579,233,1246,1100
01552,2010,5892,671,3268,1953,2766,326,1602,838,3126,345,1666,1115
01552,2015,5362,601,2755,2006,2498,292,1343,863,2864,309,1412,1143
01555,2020,19241,1961,9521,7230,9337,1020,4972,3041,9904,941,4549,4189
01555,2010,22265,2751,12560,6949,10742,1448,6333,2957,11523,1303,6227,3992
01555,2015,20873,2413,11111,7334,10081,1239,5728,3105,10792,1174,5383,4229
01559,2020,8270,781,4243,3246,3947,391,2186,1370,4323,390,2057,1876
01559,2010,10041,1226,5582,3233,4731,643,2721,1367,5310,583,2861,1866
01559,2015,9231,965,4961,3305,4378,491,2501,1386,4853,474,2460,1919
01560,2020,2421,202,1135,1084,1177,106,607,464,1244,96,528,620
01560,2010,3028,269,1593,1166,1429,151,790,488,1599,118,803,678
01560,2015,2721,239,1362,1120,1292,127,702,463,1429,112,660,657
01561,2020,3628,450,1969,1209,1768,231,1040,497,1860,219,929,712
01561,2010,4301,553,2550,1198,2075,292,1279,504,2226,261,1271,694
01561,2015,3909,464,2218,1227,1895,254,1131,510,2014,210,1087,717
01562,2020,1053,104,576,373,520,56,321,143,533,48,255,230
01562,2010,1135,109,643,383,540,57,344,139,595,52,299,244
01562,2015,1116,119,630,367,542,61,345,136,574,58,285,231
01563,2020,4199,432,2347,1420,1999,221,1191,587,2200,211,1156,833
01563,2010,4939,534,2964,1441,2345,276,1474,595,2594,258,1490,846
01563,2015,4525,499,2588,1438,2136,258,1303,575,2389,241,1285,863
01564,2020,6775,798,3470,2507,3287,396,1790,1101,3488,402,1680,1406
01564,2010,7933,1059,4554,2318,3840,564,2311,963,4093,495,2243,1355
01564,2015,7360,926,3969,2464,3552,476,2027,1048,3808,450,1942,1416
01571,2020,3821,386,1916,1512,1781,194,960,623,2040,192,956,889
01571,2010,4528,447,2525,1556,2101,222,1261,618,2427,225,1264,938
01571,2015,4291,442,2315,1534,2000,219,1141,640,2291,223,1174,894
01575,2020,2743,227,1227,1237,1285,121,619,516,1458,106,608,721
01575,2010,3232,350,1633,1249,1503,188,806,509,1729,162,827,740
01575,2015,2922,282,1402,1238,1370,152,714,504,1552,130,688,734
01578,2020,16212,1104,7639,7428,7706,557,3908,3212,8506,547,3731,4216
01578,2010,19376,1917,10852,6600,9232,993,5311,2924,10144,924,5541,3676
01578,2015,17740,1475,8978,7204,8489,758,4544,3131,9251,717,4434,4073
01581,2020,4432,567,2236,1613,2249,302,1207,728,2183,265,1029,885
01581,2010,4890,554,2751,1585,2419,274,1458,687,2471,280,1293,898
01581,2015,4838,532,2592,1714,2482,278,1449,755,2356,254,1143,959
01584,2020,8442,706,4031,3679,3909,361,1981,1548,4533,345,2050,2131
01584,2010,10132,998,5568,3566,4677,535,2638,1504,5455,463,2930,2062
01584,2015,9299,823,4697,3738,4280,431,2254,1570,5019,392,2443,2168
01585,2020,7340,754,3873,2712,3632,361,2093,1177,3708,393,1780,1535
01585,2010,8726,1059,5041,2626,4312,536,2652,1124,4414,523,2389,1502
01585,2015,8148,887,4429,2814,4049,445,2380,1209,4099,442,2049,1605
01586,2020,7651,707,3781,3122,3779,352,2035,1361,3872,355,1746,1761
01586,2010,9746,1074,5570,3100,4811,546,2949,1314,4935,528,2621,1786
01586,2015,8596,845,4609,3141,4211,435,2463,1312,4385,410,2146,1829
01601,2020,11279,1209,6008,4062,5712,630,3292,1790,5567,579,2716,2272
01601,2010,13615,1686,8076,3853,6785,863,4256,1666,6830,823,3820,2187
01601,2015,12378,1456,6961,3961,6174,738,3721,1715,6204,718,3240,2246
01602,2020,4776,553,2537,1680,2395,289,1377,725,2381,264,1160,955
01602,2010,5596,719,3263,1614,2709,367,1653,689,2887,352,1610,925
01602,2015,5315,662,2949,1704,2630,335,1567,728,2685,327,1382,976
01604,2020,5309,656,2894,1747,2603,316,1538,741,2706,340,1356,1006
01604,2010,5775,755,3458,1562,2802,385,1771,646,2973,370,1687,916
01604,2015,5592,733,3115,1708,2717,361,1629,698,2875,372,1486,1010
01607,2020,12074,1242,6735,4097,5975,654,3629,1692,6099,588,3106,2405
01607,2010,14389,1794,8979,3616,7064,938,4625,1501,7325,856,4354,2115
01607,2015,13075,1509,7670,3895,6368,802,3955,1610,6707,707,3715,2285
01608,2020,4043,363,1970,1710,1923,185,984,754,2120,178,986,956
01608,2010,5114,589,2949,1576,2417,302,1477,638,2697,287,1472,938
01608,2015,4518,449,2432,1635,2139,232,1222,683,2379,217,1210,952
01609,2020,4374,537,2398,1438,2230,271,1334,624,2144,266,1064,814
01609,2010,5413,767,3330,1316,2698,389,1772,537,2715,378,1558,779
01609,2015,4906,687,2852,1367,2449,357,1505,587,2457,330,1347,780
01610,2020,21517,2424,11396,7608,10473,1222,5954,3238,11044,1202,5442,4370
01610,2010,25419,3244,15202,6973,12310,1658,7688,2964,13109,1586,7514,4009
01610,2015,23231,2798,12991,7427,11188,1445,6613,3121,12043,1353,6378,4306
01631,2020,43576,5656,24865,12907,20630,2886,12170,5474,22946,2770,12695,7433
01631,2010,45085,7213,27537,10295,21295,3741,13126,4398,23790,3472,14411,5897
01631,2015,44807,6645,26252,11866,21080,3380,12586,5093,23727,3265,13666,6773
01632,2020,5848,734,3168,1938,2891,380,1656,848,2957,354,1512,1090
01632,2010,6416,911,3774,1731,3063,450,1914,699,3353,461,1860,1032
01632,2015,6132,844,3494,1794,2939,422,1780,737,3193,422,1714,1057
01633,2020,4778,550,2537,1690,2343,282,1348,713,2435,268,1189,977
01633,2010,5080,609,2836,1633,2462,307,1451,702,2618,302,1385,931
01633,2015,4765,543,2543,1676,2300,277,1302,719,2465,266,1241,957
01634,2020,5266,714,2915,1629,2572,353,1497,718,2694,361,1418,911
01634,2010,5702,809,3415,1478,2822,432,1770,620,2880,377,1645,858
01634,2015,5542,808,3167,1567,2718,406,1631,681,2824,402,1536,886
01635,2020,5817,591,3027,2199,2900,315,1622,963,2917,276,1405,1236
01635,2010,6653,693,3849,2111,3320,368,2004,948,3333,325,1845,1163
01635,2015,6288,661,3441,2183,3123,354,1809,957,3165,307,1632,1226
01636,2020,9094,909,4529,3388,4478,466,2380,1471,4616,443,2149,1917
01636,2010,9961,1160,5722,3077,4811,604,2895,1310,5150,556,2827,1767
01636,2015,9599,1095,5167,3330,4683,571,2659,1448,4916,524,2508,1882
01637,2020,18048,2462,10010,5535,8612,1254,4905,2423,9436,1208,5105,3112
01637,2010,18905,3080,11458,4361,9023,1556,5603,1859,9882,1524,5855,2502
01637,2015,18484,2815,10600,5042,8773,1412,5167,2175,9711,1403,5433,2867
01638,2020,3884,491,2275,1118,1880,241,1176,463,2004,250,1099,655
01638,2010,4006,526,2482,998,1963,249,1275,439,2043,277,1207,559
01638,2015,3966,519,2359,1087,1932,250,1230,451,2034,269,1129,636
01639,2020,3080,405,1706,969,1519,221,878,420,1561,184,828,549
01639,2010,3391,484,1999,908,1699,256,1051,392,1692,228,948,516
01639,2015,3185,431,1831,923,1567,230,959,378,1618,201,872,545
01641,2020,5420,612,2825,1983,2714,313,1520,881,2706,299,1305,1102
01641,2010,5977,724,3435,1818,2873,356,1752,765,3104,368,1683,1053
01641,2015,5738,702,3092,1943,2810,355,1613,842,2928,347,1479,1101
01642,2020,6387,609,3247,2517,3096,302,1707,1075,3291,307,1540,1442
01642,2010,7881,1011,4593,2277,3839,525,2351,963,4042,486,2242,1314
01642,2015,7030,757,3822,2451,3357,370,1971,1016,3673,387,1851,1435
01643,2020,25766,3168,13900,8658,12243,1656,6763,3798,13523,1512,7137,4860
01643,2010,26547,3731,15945,6867,12551,1894,7643,3011,13996,1837,8302,3856
01643,2015,26760,3542,15173,8025,12627,1792,7286,3536,14133,1750,7887,4489
01644,2020,6294,520,3029,2743,2967,258,1558,1149,3327,262,1471,1594
01644,2010,7527,827,4104,2596,3501,394,2008,1099,4026,433,2096,1497
01644,2015,6882,622,3437,2751,3253,317,1710,1185,3629,305,1727,1566
01645,2020,3022,294,1536,1192,1478,147,807,524,1544,147,729,668
01645,2010,3394,374,1862,1158,1620,181,930,509,1774,193,932,649
01645,2015,3182,317,1659,1206,1523,169,839,515,1659,148,820,691
01646,2020,6618,579,3281,2756,3228,315,1763,1149,3390,264,1518,1607
01646,2010,8275,898,4634,2743,4068,468,2414,1186,4207,430,2220,1557
01646,2015,7358,734,3821,2802,3615,379,2030,1206,3743,355,1791,1596
01647,2020,6563,732,3199,2618,3215,391,1665,1146,3348,341,1534,1472
01647,2010,7630,870,4171,2589,3691,444,2122,1125,3939,426,2049,1464
01647,2015,6990,807,3533,2648,3380,425,1824,1129,3610,382,1709,1519
01648,2020,2264,224,1154,886,1138,113,639,386,1126,111,515,500
01648,2010,2650,260,1430,960,1329,133,750,446,1321,127,680,514
01648,2015,2482,247,1311,923,1253,122,740,390,1229,125,571,533
01649,2020,4387,425,2088,1865,2138,220,1118,791,2249,205,970,1074
01649,2010,5460,591,3041,1827,2595,285,1531,778,2865,306,1510,1049
01649,2015,4919,524,2532,1861,2361,261,1313,785,2558,263,1219,1076
01661,2020,19105,2153,11091,5704,9101,1120,5421,2455,10004,1033,5670,3249
01661,2010,20526,2802,13711,4001,9886,1469,6703,1705,10640,1333,7008,2296
01661,2015,19833,2438,12442,4953,9373,1255,6027,2091,10460,1183,6415,2862
01662,2020,8892,900,4809,3182,4173,458,2382,1332,4719,442,2427,1850
01662,2010,10630,1274,6315,3041,4978,633,3078,1267,5652,641,3237,1774
01662,2015,9778,1102,5564,3105,4628,567,2774,1280,5150,535,2790,1825
01663,2020,5507,633,3109,1759,2726,327,1595,799,2781,306,1514,960
01663,2010,6511,855,3970,1686,3152,423,2020,709,3359,432,1950,977
01663,2015,6061,804,3516,1741,2954,387,1811,756,3107,417,1705,985
01664,2020,7230,861,3894,2475,3471,437,1960,1074,3759,424,1934,1401
01664,2010,8285,1055,4884,2346,3986,530,2458,998,4299,525,2426,1348
01664,2015,7742,991,4313,2436,3717,480,2189,1046,4025,511,2124,1390
01665,2020,6955,605,3405,2854,3314,305,1743,1227,3641,300,1662,1627
01665,2010,8278,950,4731,2594,3919,476,2342,1098,4359,474,2389,1496
01665,2015,7758,807,4113,2838,3679,410,2067,1202,4079,397,2046,1636
01667,2020,2558,298,1339,910,1254,148,702,397,1304,150,637,513
01667,2010,2627,364,1499,764,1294,204,749,341,1333,160,750,423
01667,2015,2534,325,1381,809,1234,168,718,338,1300,157,663,471
01668,2020,7289,564,3660,3063,3414,300,1812,1300,3875,264,1848,1763
01668,2010,9294,1034,5399,2861,4376,543,2633,1200,4918,491,2766,1661
01668,2015,8068,757,4329,2981,3752,392,2109,1250,4316,365,2220,1731
01691,2020,14380,1849,7996,3992,7286,955,4210,1795,7094,894,3786,2197
01691,2010,15855,2511,9985,3359,7883,1284,5177,1422,7972,1227,4808,1937
01691,2015,15273,2338,9177,3746,7687,1191,4843,1646,7586,1147,4334,2100
01692,2020,23010,3021,13749,6151,11339,1543,7065,2662,11671,1478,6684,3489
01692,2010,23982,3779,15558,4629,11750,1910,7788,2040,12232,1869,7770,2589
01692,2015,23774,3563,14625,5491,11628,1802,7330,2439,12146,1761,7295,3052
01693,2020,5023,637,2796,1571,2465,312,1459,678,2558,325,1337,893
01693,2010,5646,815,3447,1384,2744,406,1748,590,2902,409,1699,794
01693,2015,5242,676,3064,1498,2565,325,1593,643,2677,351,1471,855
01694,2020,4722,516,2718,1484,2346,251,1460,631,2376,265,1258,853
01694,2010,5885,786,3745,1354,2931,398,1970,563,2954,388,1775,791
01694,2015,5415,648,3334,1433,2697,335,1761,601,2718,313,1573,832
02000,2020,1237984,129112,676167,412943,583402,65898,336887,169631,654582,63214,339280,243312
02000,2010,1373339,171842,843587,352768,646141,87585,414888,140636,727198,84257,428699,212132
02000,2015,1308265,148208,757867,390940,614694,75661,373796,158837,693571,72547,384071,232103
02201,2020,275192,28040,150122,84787,128049,14189,72936,34223,147143,13851,77186,50564
02201,2010,299520,37622,189931,70690,139084,19139,91244,27902,160436,18483,98687,42788
02201,2015,287648,32528,168992,80297,133560,16572,81505,32265,154088,15956,87487,48032
02202,2020,168466,17417,95115,53922,77251,8953,45946,21384,91215,8464,49169,32538
02202,2010,183473,21829,113183,46401,84064,11142,53757,18051,99409,10687,59426,28350
02202,2015,177411,19410,105062,51830,81367,9961,50315,20483,96044,9449,54747,31347
02203,2020,223415,25636,126567,69328,106818,13155,63266,29160,116597,12481,63301,40168
02203,2010,237615,31926,149842,55030,113340,16302,73916,22684,124275,15624,75926,32346
02203,2015,231257,28122,136712,63614,110493,14433,67816,26596,120764,13689,68896,37018
02204,2020,31946,3214,17723,10943,14789,1645,8693,4419,17157,1569,9030,6524
02204,2010,36132,4635,22267,9150,16807,2413,10762,3570,19325,2222,11505,5580
02204,2015,34284,3864,20215,10178,15834,1964,9824,4034,18450,1900,10391,6144
02205,2020,51415,4852,27798,18363,23252,2448,13231,7323,28163,2404,14567,11040
02205,2010,58421,7334,34861,16226,26609,3719,16533,6357,31812,3615,18328,9869
02205,2015,55181,6007,31606,17433,24979,3023,14938,6924,30202,2984,16668,10509
02206,2020,60378,6398,33001,20320,28685,3297,16559,8514,31693,3101,16442,11806
02206,2010,66110,8513,41171,16294,31540,4343,20520,6591,34570,4170,20651,9703
02206,2015,63429,7325,37028,18850,30084,3776,18395,7826,33345,3549,18633,11024
02207,2020,39152,4994,23094,10385,19602,2573,12228,4326,19550,2421,10866,6059
02207,2010,41258,6475,26191,8381,20397,3303,13533,3421,20861,3172,12658,4960
02207,2015,40196,5791,24779,9478,19852,2980,12915,3847,20344,2811,11864,5631
02208,2020,54103,5714,29283,18249,26104,2952,15127,7589,27999,2762,14156,10660
02208,2010,61066,8190,37140,15414,29028,4148,18496,6170,32038,4042,18644,9244
02208,2015,58493,7007,33885,17326,28057,3562,17164,7165,30436,3445,16721,10161
02209,2020,30934,2903,16001,12002,14363,1469,8097,4782,16571,1434,7904,7220
02209,2010,37243,4268,21792,11183,17488,2164,10923,4401,19755,2104,10869,6782
02209,2015,33316,3474,18309,11507,15547,1780,9174,4577,17769,1694,9135,6930
02210,2020,30567,3282,16504,10777,14188,1667,8166,4354,16379,1615,8338,6423
02210,2010,33764,4081,20292,9391,15740,2057,9975,3708,18024,2024,10317,5683
02210,2015,32106,3634,18384,10085,14876,1850,9012,4012,17230,1784,9372,6073
02301,2020,10126,906,5050,4164,4818,462,2584,1768,5308,444,2466,2396
02301,2010,12361,1257,7386,3718,5851,659,3726,1466,6510,598,3660,2252
02301,2015,11142,1072,6123,3946,5275,554,3076,1644,5867,518,3047,2302
02303,2020,2334,105,939,1290,1119,59,511,549,1215,46,428,741
02303,2010,3217,208,1589,1420,1483,115,807,561,1734,93,782,859
02303,2015,2756,139,1225,1392,1293,80,640,573,1463,59,585,819
02304,2020,2540,247,1216,1077,1211,144,591,476,1329,103,625,601
02304,2010,3271,332,1872,1067,1567,180,960,427,1704,152,912,640
02304,2015,2896,291,1500,1080,1368,162,741,453,1528,129,759,627
02307,2020,5401,285,2362,2750,2527,162,1255,1106,2874,123,1107,1644
02307,2010,7089,611,3658,2819,3245,327,1814,1104,3844,284,1844,1715
02307,2015,6198,437,2927,2832,2884,244,1505,1133,3314,193,1422,1699
02321,2020,9044,701,4299,4034,4145,360,2151,1628,4899,341,2148,2406
02321,2010,11449,1155,6346,3948,5194,563,3110,1521,6255,592,3236,2427
02321,2015,10126,851,5230,4021,4580,407,2538,1619,5546,444,2692,2402
02323,2020,7346,481,3139,3726,3397,244,1599,1554,3949,237,1540,2172
02323,2010,9691,901,5021,3769,4503,456,2495,1552,5188,445,2526,2217
02323,2015,8429,667,3986,3776,3876,326,2014,1536,4553,341,1972,2240
02343,2020,1265,151,613,501,589,69,321,199,676,82,292,302
02343,2010,1594,145,904,544,824,80,520,224,770,65,384,320
02343,2015,1415,129,750,536,706,67,414,225,709,62,336,311
02361,2020,14573,1679,8090,4797,6748,849,3959,1936,7825,830,4131,2861
02361,2010,16021,1977,9642,4402,7430,991,4748,1691,8591,986,4894,2711
02361,2015,15179,1808,8739,4628,6985,930,4264,1787,8194,878,4475,2841
02362,2020,8665,631,4262,3771,3934,311,2098,1525,4731,320,2164,2246
02362,2010,10978,1062,6236,3680,4983,513,3044,1426,5995,549,3192,2254
02362,2015,9676,786,5133,3755,4385,403,2500,1481,5291,383,2633,2274
02367,2020,7326,836,3845,2639,3425,411,1961,1048,3901,425,1884,1591
02367,2010,8153,940,4896,2317,3856,492,2439,925,4297,448,2457,1392
02367,2015,7783,890,4393,2491,3657,445,2196,1010,4126,445,2197,1481
02381,2020,12700,1205,6672,4822,5806,618,3251,1936,6894,587,3421,2886
02381,2010,15227,1758,8986,4478,6914,880,4285,1745,8313,878,4701,2733
02381,2015,13935,1492,7700,4741,6347,751,3708,1887,7588,741,3992,2854
02384,2020,12074,1263,6236,4575,5553,637,3083,1833,6521,626,3153,2742
02384,2010,14270,1779,8234,4257,6628,905,4064,1659,7642,874,4170,2598
02384,2015,13392,1508,7492,4392,6235,768,3722,1745,7157,740,3770,2647
02387,2020,9657,756,4612,4289,4432,381,2259,1792,5225,375,2353,2497
02387,2010,12743,1277,7257,4209,5981,666,3638,1677,6762,611,3619,2532
02387,2015,11187,960,5921,4283,5224,502,2965,1746,5963,458,2956,2537
02401,2020,12374,1102,6556,4713,5776,536,3308,1931,6598,566,3248,2782
02401,2010,14314,1612,8473,4166,6596,797,4123,1630,7718,815,4350,2536
02401,2015,13524,1425,7513,4565,6248,701,3711,1817,7276,724,3802,2748
02402,2020,14556,1406,7202,5943,6964,708,3745,2508,7592,698,3457,3435
02402,2010,16759,1949,9656,5152,7942,981,4926,2035,8817,968,4730,3117
02402,2015,15709,1604,8419,5684,7433,804,4301,2327,8276,800,4118,3357
02405,2020,10447,1394,5522,3531,5084,703,2830,1551,5363,691,2692,1980
02405,2010,10241,1283,6029,2921,4906,666,3034,1201,5335,617,2995,1720
02405,2015,10423,1311,5790,3231,4996,669,2935,1340,5427,642,2855,1891
02406,2020,4229,359,2179,1691,2071,188,1182,701,2158,171,997,990
02406,2010,4881,563,2809,1507,2377,284,1492,599,2504,279,1317,908
02406,2015,4535,446,2440,1649,2200,229,1320,651,2335,217,1120,998
02408,2020,16428,1721,8396,6300,7846,870,4339,2629,8582,851,4057,3671
02408,2010,19106,2366,11059,5668,9028,1192,5597,2230,10078,1174,5462,3438
02408,2015,17955,2008,9844,6050,8506,1003,5036,2436,9449,1005,4808,3614
02411,2020,10367,1065,6470,2618,5910,549,4041,1176,4457,516,2429,1442
02411,2010,11095,1453,7370,2235,6186,727,4472,952,4909,726,2898,1283
02411,2015,10536,1291,6714,2427,5816,633,4039,1057,4720,658,2675,1370
02412,2020,24273,3308,13956,6671,11627,1662,6901,2890,12646,1646,7055,3781
02412,2010,24211,3811,15307,5055,11562,1907,7531,2094,12649,1904,7776,2961
02412,2015,24222,3438,14755,5984,11565,1758,7231,2550,12657,1680,7524,3434
02423,2020,4718,501,2496,1711,2375,275,1368,729,2343,226,1128,982
02423,2010,6340,837,3990,1513,3379,462,2298,619,2961,375,1692,894
02423,2015,5227,623,3007,1537,2650,331,1623,657,2577,292,1384,880
02424,2020,5955,633,3205,2117,3162,333,1879,950,2793,300,1326,1167
02424,2010,7252,822,4435,1995,3853,418,2581,854,3399,404,1854,1141
02424,2015,6607,761,3802,2044,3433,391,2146,896,3174,370,1656,1148
02425,2020,1636,125,751,757,779,60,387,329,857,65,364,428
02425,2010,2463,234,1464,765,1307,118,862,327,1156,116,602,438
02425,2015,1976,170,1032,774,981,85,550,346,995,85,482,428
02426,2020,1788,124,802,858,883,60,431,388,905,64,371,470
02426,2010,2422,254,1275,893,1206,133,710,363,1216,121,565,530
02426,2015,2148,191,1084,872,1056,90,601,365,1092,101,483,507
02441,2020,9082,826,4412,3783,4288,414,2276,1561,4794,412,2136,2222
02441,2010,11299,1243,6290,3766,5317,671,3168,1478,5982,572,3122,2288
02441,2015,10135,997,5332,3784,4753,506,2697,1535,5382,491,2635,2249
02442,2020,16042,1436,8139,6467,7676,754,4183,2739,8366,682,3956,3728
02442,2010,18712,1994,11023,5695,8895,1028,5570,2297,9817,966,5453,3398
02442,2015,17433,1689,9541,6191,8286,877,4811,2589,9147,812,4730,3602
02443,2020,4968,417,2368,2182,2376,219,1221,936,2592,198,1147,1246
02443,2010,6175,675,3336,2164,2905,350,1671,884,3270,325,1665,1280
02443,2015,5554,516,2845,2192,2599,267,1426,905,2955,249,1419,1287
02445,2020,16809,1558,8525,6725,7884,771,4312,2801,8925,787,4213,3924
02445,2010,19853,2361,11345,6136,9355,1209,5678,2462,10498,1152,5667,3674
02445,2015,18312,1869,9882,6557,8524,919,4919,2682,9788,950,4963,3875
02446,2020,13496,1276,7697,4281,6827,657,4098,1917,6669,619,3599,2364
02446,2010,14699,1835,9613,3189,7423,955,5111,1315,7276,880,4502,1874
02446,2015,14025,1471,8599,3802,6984,761,4480,1642,7041,710,4119,2160
02450,2020,2197,165,948,1084,1069,84,514,471,1128,81,434,613
02450,2010,2851,275,1416,1160,1348,130,755,463,1503,145,661,697
02450,2015,2509,206,1177,1126,1200,97,629,474,1309,109,548,652
03000,2020,1210534,132447,658816,404359,582952,67763,335037,170879,627582,64684,323779,233480
03000,2010,1330147,168804,795780,360498,634971,86612,399160,146040,695176,82192,396620,214458
03000,2015,1279594,150992,734886,386573,615584,77222,373365,160565,664010,73770,361521,226008
03201,2020,289731,33602,167894,80035,136919,16995,82155,33055,152812,16607,85739,46980
03201,2010,298348,38771,192664,63721,141566,19852,93936,25936,156782,18919,98728,37785
03201,2015,297631,36828,182979,73729,141089,18677,89600,30403,156542,18151,93379,43326
03202,2020,50369,5003,25994,19042,24381,2547,13597,7996,25988,2456,12397,11046
03202,2010,59430,7230,33792,18363,28191,3702,17001,7451,31239,3528,16791,10912
03202,2015,56676,6060,31218,19167,27868,3113,16535,8052,28808,2947,14683,11115
03203,2020,34728,3379,17943,13055,16679,1756,9178,5490,18049,1623,8765,7565
03203,2010,40737,4834,23259,12552,19412,2505,11766,5067,21325,2329,11493,7485
03203,2015,38058,4014,20921,12906,18581,2078,10918,5404,19477,1936,10003,7502
03205,2020,93193,10177,50113,32231,44423,5180,25484,13358,48770,4997,24629,18873
03205,2010,101438,12819,59631,28869,48076,6584,29902,11506,53362,6235,29729,17363
03205,2015,97702,11622,54618,31259,46260,5965,27518,12658,51442,5657,27100,18601
03206,2020,93045,11420,54390,25238,46852,5911,28867,10554,46193,5509,25523,14684
03206,2010,93138,13544,58248,20771,45666,6910,29948,8345,47472,6634,28300,12426
03206,2015,93511,12780,56581,23546,46250,6592,29486,9747,47261,6188,27095,13799
03207,2020,33043,3697,17697,11006,15883,1951,8877,4637,17160,1746,8820,6369
03207,2010,36872,5211,21943,9718,17382,2711,10754,3917,19490,2500,11189,5801
03207,2015,35642,4505,20544,10527,17027,2374,10237,4365,18615,2131,10307,6162
03208,2020,25366,2554,12497,10283,12222,1300,6553,4345,13144,1254,5944,5938
03208,2010,29331,3333,15914,10070,14035,1760,8260,4004,15296,1573,7654,6066
03208,2015,28062,3000,14533,10471,13526,1585,7576,4321,14536,1415,6957,6150
03209,2020,111932,11563,58370,41306,54254,5993,30001,17815,57678,5570,28369,23491
03209,2010,118578,14848,67990,35496,56885,7606,34690,14450,61693,7242,33300,21046
03209,2015,121583,13750,67024,40468,58804,7023,34578,16975,62779,6727,32446,23493
03210,2020,18262,1637,9223,7356,8831,843,4815,3137,9431,794,4408,4219
03210,2010,23300,2732,12441,8125,10844,1434,6032,3376,12456,1298,6409,4749
03210,2015,19758,1951,10472,7230,9736,991,5584,3064,10022,960,4888,4166
03211,2020,32078,2949,16134,12778,15369,1475,8459,5278,16709,1474,7675,7500
03211,2010,39574,4436,21359,13772,18543,2273,10725,5538,21031,2163,10634,8234
03211,2015,36802,3649,19994,13044,18105,1808,10879,5329,18697,1841,9115,7715
03213,2020,25513,2541,13330,9509,11993,1285,6699,3931,13520,1256,6631,5578
03213,2010,29702,3637,17130,8878,13963,1870,8528,3530,15739,1767,8602,5348
03213,2015,27611,3131,15264,9171,12949,1580,7619,3720,14662,1551,7645,5451
03214,2020,24023,2117,11926,9944,11509,1078,6125,4284,12514,1039,5801,5660
03214,2010,28680,3105,16431,9142,13725,1621,8387,3716,14955,1484,8044,5426
03214,2015,26355,2553,14267,9528,12621,1325,7261,4030,13734,1228,7006,5498
03215,2020,112937,12501,59785,39997,54840,6438,30892,17092,58097,6063,28893,22905
03215,2010,124746,15966,72529,36075,59935,8210,37028,14568,64811,7756,35501,21507
03215,2015,119422,14400,66315,38526,57377,7368,33939,15955,62045,7032,32376,22571
03216,2020,55579,7614,33476,14164,27146,3828,16882,6261,28433,3786,16594,7903
03216,2015,55463,7970,35312,11858,27095,4065,17628,5216,28368,3905,17684,6642
03301,2020,15731,1584,8066,6078,7505,792,4087,2625,8226,792,3979,3453
03301,2010,18033,2065,10762,5199,8594,1050,5415,2124,9439,1015,5347,3075
03301,2015,16981,1815,9467,5691,8087,915,4756,2412,8894,900,4711,3279
03302,2020,5634,418,2498,2716,2731,220,1338,1171,2903,198,1160,1545
03302,2010,7304,643,3837,2824,3526,335,2061,1130,3778,308,1776,1694
03302,2015,6344,509,3136,2697,3026,250,1664,1111,3318,259,1472,1586
03303,2020,12285,1081,6296,4896,5970,537,3315,2109,6315,544,2981,2787
03303,2010,14984,1700,8609,4675,7307,896,4513,1898,7677,804,4096,2777
03303,2015,13692,1389,7466,4832,6626,714,3916,1991,7066,675,3550,2841
03305,2010,53857,7994,36344,9064,26233,4113,17920,3930,27624,3881,18424,5134
03321,2020,32147,3948,18073,10088,15390,2046,9001,4317,16757,1902,9072,5771
03321,2010,33288,4577,20649,8052,15736,2349,10137,3241,17552,2228,10512,4811
03321,2015,32614,4141,18866,9159,15482,2109,9308,3829,17132,2032,9558,5330
03322,2020,28056,3469,16894,7370,13337,1758,8196,3189,14719,1711,8698,4181
03322,2010,27205,4027,17792,5354,13015,2023,8765,2204,14190,2004,9027,3150
03322,2015,27678,3620,17453,6527,13155,1783,8575,2765,14523,1837,8878,3762
03366,2020,5134,360,2155,2619,2380,186,1148,1046,2754,174,1007,1573
03366,2010,6602,595,3170,2837,3048,297,1654,1097,3554,298,1516,1740
03366,2015,5880,459,2661,2760,2734,242,1412,1080,3146,217,1249,1680
03381,2020,15535,1832,8824,4765,8030,969,4909,2079,7505,863,3915,2686
03381,2010,16325,2138,9907,4245,8162,1088,5307,1739,8163,1050,4600,2506
03381,2015,15895,2030,9362,4500,8067,1088,5075,1902,7828,942,4287,2598
03402,2020,7252,791,3602,2859,3500,400,1882,1218,3752,391,1720,1641
03402,2010,8345,989,4814,2541,4017,507,2495,1015,4328,482,2319,1526
03402,2015,7868,898,4222,2746,3762,461,2171,1129,4106,437,2051,1617
03422,2010,9064,992,4946,3126,4416,506,2625,1285,4648,486,2321,1841
03441,2020,5045,376,2382,2287,2470,194,1276,1000,2575,182,1106,1287
03441,2010,6190,572,3220,2398,2959,290,1688,981,3231,282,1532,1417
03441,2015,5720,482,2871,2365,2764,236,1543,984,2956,246,1328,1381
03461,2020,11004,1129,5641,4199,5234,587,2836,1795,5770,542,2805,2404
03461,2010,15276,1749,8579,4948,7122,871,4231,2020,8154,878,4348,2928
03461,2015,11759,1193,6555,4009,5778,619,3487,1671,5981,574,3068,2338
03482,2020,14320,1374,7192,5745,6898,724,3712,2453,7422,650,3480,3292
03482,2010,18617,2329,10361,5927,8760,1174,5168,2418,9857,1155,5193,3509
03482,2015,15826,1655,8568,5603,7732,849,4500,2383,8094,806,4068,3220
03483,2020,8726,738,4103,3863,4327,381,2232,1693,4399,357,1871,2170
03483,2010,10804,1121,5599,4084,5204,579,2953,1672,5600,542,2646,2412
03483,2015,9841,946,4891,4004,4788,491,2586,1711,5053,455,2305,2293
03484,2020,3059,317,1446,1296,1527,160,769,598,1532,157,677,698
03484,2010,3843,455,2087,1301,1868,229,1095,544,1975,226,992,757
03484,2015,3466,385,1789,1292,1719,188,974,557,1747,197,815,735
03485,2020,2487,219,1200,1067,1244,121,655,467,1243,98,545,600
03485,2010,3088,356,1759,973,1503,176,934,393,1585,180,825,580
03485,2015,2795,275,1478,1042,1379,148,797,434,1416,127,681,608
03501,2020,8421,765,4134,3521,4090,400,2166,1524,4331,365,1968,1997
03501,2010,10209,1120,5706,3383,4899,555,2989,1355,5310,565,2717,2028
03501,2015,9333,931,5004,3398,4489,466,2623,1400,4844,465,2381,1998
03503,2020,3936,429,1989,1513,1863,215,1010,633,2073,214,979,880
03503,2010,4632,526,2713,1393,2209,283,1363,563,2423,243,1350,830
03503,2015,4149,434,2261,1452,1962,229,1144,587,2187,205,1117,865
03506,2020,5378,511,2489,2378,2556,275,1277,1004,2822,236,1212,1374
03506,2010,6507,714,3548,2245,3119,360,1842,917,3388,354,1706,1328
03506,2015,5865,625,2962,2278,2804,331,1533,940,3061,294,1429,1338
03507,2020,15091,1365,7448,6274,7101,694,3762,2641,7990,671,3686,3633
03507,2010,17913,2292,10154,5467,8319,1169,4968,2182,9594,1123,5186,3285
03507,2015,16693,1781,8953,5959,7796,904,4409,2483,8897,877,4544,3476
03524,2020,11494,987,5612,4881,5498,524,2882,2084,5996,463,2730,2797
03524,2010,14187,1384,7893,4910,6732,724,4080,1928,7455,660,3813,2982
03524,2015,12919,1211,6879,4829,6146,655,3534,1957,6773,556,3345,2872
04000,2020,2301996,268428,1346845,638984,1122598,137639,679510,278918,1179398,130789,667335,360066
04000,2010,2348165,308201,1501638,520794,1139566,158024,750516,219576,1208599,150177,751122,301218
04000,2015,2333899,286003,1410322,588240,1140167,146491,711994,254066,1193732,139512,698328,334174
04100,2020,1096704,128665,673081,257223,531617,66123,334398,110803,565087,62542,338683,146420
04100,2010,1045986,136832,703379,191722,507833,70080,346500,82075,538153,66752,356879,109647
04100,2015,1082159,129309,674873,234360,527170,66120,335549,101434,554989,63189,339324,132926
04101,2020,311590,33702,194212,69969,150932,17503,96295,29477,160658,16199,97917,40492
04101,2010,291436,33786,196688,54091,140339,17378,96262,22296,151097,16408,100426,31795
04101,2015,310183,34108,201756,66000,150535,17507,100460,27716,159648,16601,101296,38284
04102,2020,196732,24017,125693,40773,96341,12331,63594,17354,100391,11686,62099,23419
04102,2010,190473,26106,131564,31426,93599,13323,66272,13165,96874,12783,65292,18261
04102,2015,194825,24068,119324,38249,95651,12298,59842,16437,99174,11770,59482,21812
04103,2020,141475,16895,89414,30767,69633,8597,45155,13393,71842,8298,44259,17374
04103,2010,132306,16833,89308,23997,65203,8514,45072,10219,67103,8319,44236,13778
04103,2015,133498,15378,82670,28215,66926,7750,42226,12452,66572,7628,40444,15763
04104,2020,234758,29344,141716,58657,112968,15069,70152,25204,121790,14275,71564,33453
04104,2010,220588,30256,144159,44332,107213,15619,71071,19205,113375,14637,73088,25127
04104,2015,226855,28991,140306,52659,109310,14865,69307,22751,117545,14126,70999,29908
04105,2020,212149,24707,122046,57057,101743,12623,59202,25375,110406,12084,62844,31682
04105,2010,211183,29851,141660,37876,101479,15246,67823,17190,109704,14605,73837,20686
04105,2015,216798,26764,130817,49237,104748,13700,63714,22078,112050,13064,67103,27159
04202,2020,140151,14579,76979,46507,68338,7467,39552,20023,71813,7112,37427,26484
04202,2010,160826,20214,96297,43747,77143,10263,48396,18133,83683,9951,47901,25614
04202,2015,147214,16911,85018,44248,71826,8709,43657,18852,75388,8202,41361,25396
04203,2020,52203,5407,28777,17682,24877,2774,14265,7612,27326,2633,14512,10070
04203,2010,56490,6437,34476,15493,26829,3267,16960,6551,29661,3170,17516,8942
04203,2015,54187,5775,31268,16872,25762,2942,15518,7146,28425,2833,15750,9726
04205,2020,61147,5427,31637,23437,29905,2765,16398,10252,31242,2662,15239,13185
04205,2010,73489,8746,42004,22600,35197,4562,21005,9518,38292,4184,20999,13082
04205,2015,64988,6579,35264,22709,31772,3409,18279,9767,33216,3170,16985,12942
04206,2020,32758,3303,17574,11648,15976,1727,9021,5114,16782,1576,8553,6534
04206,2010,37422,4324,22453,10514,18158,2235,11470,4368,19264,2089,10983,6146
04206,2015,35272,3872,20006,11200,17118,2016,10174,4799,18154,1856,9832,6401
04207,2020,78718,11872,47869,17878,38567,6036,23785,8106,40151,5836,24084,9772
04207,2010,73134,11147,47815,13945,35578,5652,23765,5988,37556,5495,24050,7957
04207,2015,76668,11966,48392,15895,37577,6041,24199,7054,39091,5925,24193,8841
04208,2020,27976,2910,14931,10015,13797,1462,7794,4462,14179,1448,7137,5553
04208,2010,31336,3819,18979,8507,15327,1955,9732,3620,16009,1864,9247,4887
04208,2015,30180,3516,17099,9483,14844,1804,8824,4169,15336,1712,8275,5314
04209,2020,62827,8186,37896,15490,31359,4230,19578,6813,31468,3956,18318,8677
04209,2010,63060,9453,41769,11531,31600,4906,21442,5028,31460,4547,20327,6503
04209,2015,62096,8769,39634,13691,31050,4517,20526,6005,31046,4252,19108,7686
04211,2020,44068,5840,26065,11755,21684,3027,13216,5152,22384,2813,12849,6603
04211,2010,44187,6691,28729,8723,21700,3496,14438,3735,22487,3195,14291,4988
04211,2015,44678,6445,27590,10410,22118,3387,14064,4512,22560,3058,13526,5898
04212,2020,76037,8332,40399,26956,37163,4296,20990,11687,38874,4036,19409,15269
04212,2010,83969,10530,49569,23762,40440,5458,25488,9433,43529,5072,24081,14329
04212,2015,81959,9726,46668,25315,39837,5016,24064,10617,42122,4710,22604,14698
04213,2020,64637,6262,31948,26204,31134,3248,16500,11274,33503,3014,15448,14930
04213,2010,74932,8427,42079,24383,35941,4354,21736,9817,38991,4073,20343,14566
04213,2015,69906,7255,36888,25064,33649,3752,19024,10469,36257,3503,17864,14595
04214,2020,39098,4820,22690,11587,19089,2441,11504,5143,20009,2379,11186,6444
04214,2010,42903,6181,26751,9932,20875,3215,13455,4172,22028,2966,13296,5760
04214,2015,39503,5366,23680,10328,19408,2726,12090,4524,20095,2640,11590,5804
04215,2020,127330,15025,72656,38738,62429,7591,37418,16817,64901,7434,35238,21921
04215,2010,135147,18045,83774,32828,65624,9250,42740,13286,69523,8795,41034,19542
04215,2015,133391,17120,79834,35915,65120,8634,41028,15119,68271,8486,38806,20796
04216,2020,51651,8491,31812,11144,25091,4296,15546,5144,26560,4195,16266,6000
04301,2020,11418,1169,5864,4367,5569,590,3012,1957,5849,579,2852,2410
04301,2010,12882,1530,7618,3734,6230,759,3896,1575,6652,771,3722,2159
04301,2015,12316,1400,6820,4093,6001,717,3468,1813,6315,683,3352,2280
04302,2020,1262,90,589,583,620,48,326,246,642,42,263,337
04302,2010,1694,152,794,748,839,75,443,321,855,77,351,427
04302,2015,1461,100,687,674,722,47,384,291,739,53,303,383
04321,2020,23571,3029,13789,6520,11530,1545,6928,2907,12041,1484,6861,3613
04321,2010,23530,3397,14866,5201,11498,1724,7451,2274,12032,1673,7415,2927
04321,2015,23798,3284,14419,5969,11642,1689,7234,2633,12156,1595,7185,3336
04322,2020,10666,1080,5749,3784,5293,538,3025,1709,5373,542,2724,2075
04322,2010,11995,1452,7278,3260,5915,758,3753,1399,6080,694,3525,1861
04322,2015,11501,1260,6689,3527,5721,630,3495,1577,5780,630,3194,1950
04323,2020,38271,4368,22274,11032,19342,2229,11711,5029,18929,2139,10563,6003
04323,2010,39341,5000,25535,8482,19669,2573,13129,3761,19672,2427,12406,4721
04323,2015,39525,4803,24410,10201,19942,2427,12803,4621,19583,2376,11607,5580
04324,2020,8345,731,4381,3210,4100,394,2223,1467,4245,337,2158,1743
04324,2010,9978,1115,5959,2904,4833,575,3078,1180,5145,540,2881,1724
04324,2015,9167,898,5185,3083,4508,476,2698,1333,4659,422,2487,1750
04341,2020,12262,1061,5889,5293,6117,555,3150,2400,6145,506,2739,2893
04341,2010,15501,1678,8619,5202,7556,865,4487,2202,7945,813,4132,3000
04341,2015,13972,1364,7368,5228,6877,706,3869,2290,7095,658,3499,2938
04361,2020,33087,3790,18734,10389,16212,1903,9465,4724,16875,1887,9269,5665
04361,2010,34845,4654,21776,8078,16840,2352,10805,3504,18005,2302,10971,4574
04361,2015,33589,4224,19906,9361,16362,2133,10008,4162,17227,2091,9898,5199
04362,2020,12046,1074,6013,4943,5978,565,3131,2272,6068,509,2882,2671
04362,2010,16704,1691,9729,5284,8070,868,4924,2278,8634,823,4805,3006
04362,2015,12315,1141,6653,4509,6168,589,3534,2036,6147,552,3119,2473
04401,2020,13323,1221,6881,5215,6414,652,3509,2247,6909,569,3372,2968
04401,2010,15085,1510,8920,4654,7207,827,4425,1954,7878,683,4495,2700
04401,2015,14421,1375,7957,5083,6968,755,4006,2201,7453,620,3951,2882
04404,2020,18132,1948,10511,5644,9024,1025,5380,2603,9108,923,5131,3041
04404,2010,20416,2880,13132,4400,10046,1493,6657,1895,10370,1387,6475,2505
04404,2015,18652,2263,11420,4969,9248,1173,5836,2239,9404,1090,5584,2730
04406,2020,35182,5045,21264,8649,17162,2582,10504,3956,18020,2463,10760,4693
04406,2010,33994,5483,22934,5526,16425,2789,11226,2375,17569,2694,11708,3151
04406,2015,35835,5528,22740,7258,17400,2874,11149,3224,18435,2654,11591,4034
04421,2020,28786,4115,17601,6502,14979,2105,9525,2977,13807,2010,8076,3525
04421,2010,24894,3657,16077,5152,12508,1900,8448,2152,12386,1757,7629,3000
04421,2015,28244,4274,17602,5952,14552,2237,9407,2642,13692,2037,8195,3310
04422,2020,7813,863,3926,3017,3814,466,2005,1339,3999,397,1921,1678
04422,2010,8927,982,5384,2561,4339,501,2790,1048,4588,481,2594,1513
04422,2015,8370,962,4670,2738,4068,529,2389,1150,4302,433,2281,1588
04423,2010,47042,9249,31295,6412,22874,4618,15196,3008,24168,4631,16099,3404
04423,2015,51591,9625,32749,9088,25171,4872,16013,4200,26420,4753,16736,4888
04424,2020,5849,871,3263,1709,2938,469,1705,758,2911,402,1558,951
04424,2010,5334,764,3279,1291,2647,408,1686,553,2687,356,1593,738
04424,2015,5703,807,3225,1489,2859,425,1688,645,2844,382,1537,844
04444,2020,6698,783,3560,2343,3246,395,1828,1015,3452,388,1732,1328
04444,2010,7431,960,4495,1976,3574,469,2328,777,3857,491,2167,1199
04444,2015,7238,927,4132,2179,3489,468,2131,890,3749,459,2001,1289
04445,2020,21943,2327,11468,8137,10767,1175,6003,3582,11176,1152,5465,4555
04445,2010,25527,3054,14669,7520,12397,1558,7550,3130,13130,1496,7119,4390
04445,2015,23743,2696,13200,7837,11580,1368,6879,3327,12163,1328,6321,4510
04501,2020,15388,1471,8091,5796,7520,737,4225,2540,7868,734,3866,3256
04501,2010,17494,2010,10590,4894,8472,1045,5432,1995,9022,965,5158,2899
04501,2015,16701,1814,9526,5358,8093,926,4916,2249,8608,888,4610,3109
04505,2020,23994,2628,12743,8547,11616,1347,6542,3669,12378,1281,6201,4878
04505,2010,25190,2922,14968,7228,12064,1516,7572,2937,13126,1406,7396,4291
04505,2015,24852,2820,14142,7890,11981,1459,7212,3310,12871,1361,6930,4580
04581,2020,6430,521,3554,2333,3351,263,2049,1017,3079,258,1505,1316
04581,2010,10051,1057,5616,3362,4887,542,2946,1388,5164,515,2670,1974
04581,2015,6334,554,3653,2126,3459,280,2240,938,2875,274,1413,1188
04606,2020,12225,1124,6387,4707,5980,573,3299,2102,6245,551,3088,2605
04606,2010,17429,2158,10031,5238,8431,1116,5167,2146,8998,1042,4864,3092
04606,2015,12370,1275,6955,4138,6105,638,3639,1828,6265,637,3316,2310
05000,2020,959502,92673,500687,357568,452439,47427,251922,147988,507063,45246,248765,209580
05000,2010,1085997,124061,639633,320450,509926,63335,318068,127284,576071,60726,321565,193166
05000,2015,1023119,106041,565237,343301,480336,54137,281593,139825,542783,51904,283644,203476
05201,2020,307672,32809,172755,95949,145411,16793,84882,40000,162261,16016,87873,55949
05201,2010,323600,39574,205301,77625,152456,20156,100039,31551,171144,19418,105262,46074
05201,2015,315814,34916,186207,88713,148851,17683,90840,36905,166963,17233,95367,51808
05202,2020,49968,4231,24953,20765,22932,2179,12534,8209,27036,2052,12419,12556
05202,2010,59084,6530,33180,19269,27279,3400,16317,7476,31805,3130,16863,11793
05202,2015,54730,5058,28184,20248,25170,2611,13976,7990,29560,2447,14208,12258
05203,2020,85555,8532,43422,33401,40326,4360,21841,14002,45229,4172,21581,19399
05203,2010,98367,11371,56114,30879,46225,5818,28012,12393,52142,5553,28102,18486
05203,2015,92197,9805,49769,32319,43274,5020,24825,13239,48923,4785,24944,19080
05204,2020,69237,6479,35272,26998,32551,3356,17892,11008,36686,3123,17380,15990
05204,2010,78946,9026,44842,25017,36762,4625,22311,9785,42184,4401,22531,15232
05204,2015,74175,7647,39755,26549,34633,3986,19920,10607,39542,3661,19835,15942
05206,2020,25154,1723,11474,11809,11860,886,5879,5009,13294,837,5595,6800
05206,2010,32294,2773,18512,10995,15173,1422,9365,4374,17121,1351,9147,6621
05206,2015,28375,2206,14492,11664,13301,1116,7347,4832,15074,1090,7145,6832
05207,2020,42091,3613,21485,16926,20115,1874,11039,7165,21976,1739,10446,9761
05207,2010,50849,5691,28606,16552,23982,2925,14347,6710,26867,2766,14259,9842
05207,2015,46613,4507,25403,16650,22132,2394,12873,6831,24481,2113,12530,9819
05209,2020,29088,2877,14259,11843,13684,1432,7424,4756,15404,1445,6835,7087
05209,2010,34473,3996,19123,11350,15991,2053,9683,4251,18482,1943,9440,7099
05209,2015,32038,3439,16752,11793,14939,1727,8565,4618,17099,1712,8187,7175
05210,2020,74707,7467,38918,27783,35842,3834,20169,11553,38865,3633,18749,16230
05210,2010,85229,9958,50059,24700,40819,5039,25715,9719,44410,4919,24344,14981
05210,2015,79927,8551,44556,26427,38162,4362,22824,10770,41765,4189,21732,15657
05211,2020,31720,3272,17095,11218,14967,1709,8496,4672,16753,1563,8599,6546
05211,2010,34442,4247,21285,8909,16272,2252,10423,3596,18170,1995,10862,5313
05211,2015,33083,3720,18997,10340,15547,1950,9333,4246,17536,1770,9664,6094
05212,2020,77657,7611,39751,29871,36287,3881,19961,12264,41370,3730,19790,17607
05212,2010,88301,9743,50632,27919,41189,4966,25212,11007,47112,4777,25420,16912
05212,2015,82783,8725,45364,28659,38563,4484,22525,11530,44220,4241,22839,17129
05213,2020,30198,2437,14260,13438,14157,1235,7419,5459,16041,1202,6841,7979
05213,2010,36387,3581,19530,13248,16940,1778,9935,5209,19447,1803,9595,8039
05213,2015,33224,2932,16723,13457,15478,1470,8561,5387,17746,1462,8162,8070
05214,2020,23435,2244,12041,9140,11218,1113,6278,3818,12217,1131,5763,5322
05214,2010,27544,3347,16208,7973,13144,1688,8282,3161,14400,1659,7926,4812
05214,2015,25324,2805,13790,8706,11981,1413,6971,3578,13343,1392,6819,5128
05215,2020,24610,2135,11845,10533,11408,1054,5960,4343,13202,1081,5885,6190
05215,2010,29568,3179,16462,9927,13711,1589,8188,3934,15857,1590,8274,5993
05215,2015,27523,2740,14187,10563,12758,1353,7095,4286,14765,1387,7092,6277
05303,2020,4780,354,2281,2145,2232,184,1188,860,2548,170,1093,1285
05303,2010,6054,610,3235,2209,2845,313,1676,856,3209,297,1559,1353
05303,2015,5339,477,2631,2225,2489,240,1371,874,2850,237,1260,1351
05327,2020,2063,117,839,1107,986,60,458,468,1077,57,381,639
05327,2010,2727,213,1299,1215,1279,102,698,479,1448,111,601,736
05327,2015,2381,141,1081,1159,1113,71,597,445,1268,70,484,714
05346,2020,2896,200,1283,1413,1380,103,674,603,1516,97,609,810
05346,2010,3848,344,1997,1507,1819,176,1042,601,2029,168,955,906
05346,2015,3359,269,1625,1465,1602,130,860,612,1757,139,765,853
05348,2020,15254,1167,7151,6935,7034,565,3636,2832,8220,602,3515,4103
05348,2010,18876,1811,10529,6536,8677,915,5272,2490,10199,896,5257,4046
05348,2015,17078,1453,8857,6766,7824,708,4435,2680,9254,745,4422,4086
05349,2020,6577,442,3098,3036,3071,221,1604,1245,3506,221,1494,1791
05349,2010,8220,812,4469,2939,3795,410,2266,1119,4425,402,2203,1820
05349,2015,7309,590,3673,3046,3429,300,1914,1215,3880,290,1759,1831
05361,2020,8538,596,3896,4038,3985,296,1992,1691,4553,300,1904,2347
05361,2010,10516,912,5723,3881,4874,466,2875,1533,5642,446,2848,2348
05361,2015,9463,756,4752,3953,4392,380,2390,1620,5071,376,2362,2333
05363,2020,5583,423,2678,2477,2534,205,1329,998,3049,218,1349,1479
05363,2010,6623,682,3879,2062,3042,328,1936,778,3581,354,1943,1284
05363,2015,6080,566,3222,2266,2787,268,1608,896,3293,298,1614,1370
05366,2020,4566,332,2231,1977,2130,176,1131,810,2436,156,1100,1167
05366,2010,5493,610,3127,1755,2559,303,1576,679,2934,307,1551,1076
05366,2015,4986,461,2649,1875,2332,233,1349,749,2654,228,1300,1126
05368,2020,3011,350,1686,954,1500,201,875,411,1511,149,811,543
05368,2010,3218,506,1884,828,1599,272,944,383,1619,234,940,445
05368,2015,3110,429,1719,961,1536,229,884,422,1574,200,835,539
05434,2020,18613,1770,9474,7367,8701,911,4751,3037,9912,859,4723,4330
05434,2010,21674,2369,12453,6851,10139,1234,6228,2676,11535,1135,6225,4175
05434,2015,20279,2094,11024,7161,9486,1075,5553,2858,10793,1019,5471,4303
05463,2020,13825,1286,7085,5437,6637,679,3599,2350,7188,607,3486,3087
05463,2010,16792,1846,9602,5344,7975,937,4893,2145,8817,909,4709,3199
05463,2015,15319,1489,8432,5384,7318,779,4273,2255,8001,710,4159,3129
05464,2020,2704,206,1455,1008,1491,120,911,425,1213,86,544,583
05464,2010,2872,330,1582,960,1380,168,833,379,1492,162,749,581
05464,2015,2610,265,1393,952,1239,155,704,380,1371,110,689,572
06000,2020,1068027,120086,578819,359554,516438,61591,293692,155388,551589,58495,285127,204166
06000,2010,1168924,149759,694110,321722,560643,76678,350070,131799,608281,73081,344040,189923
06000,2015,1123891,135760,639336,344353,540226,69353,322538,145655,583665,66407,316798,198698
06201,2020,247590,29120,140796,72341,119001,14928,69625,31371,128589,14192,71171,40970
06201,2010,254244,33346,157947,60882,121433,17014,77622,25632,132811,16332,80325,35250
06201,2015,253832,31869,151271,68745,121575,16314,74470,29600,132257,15555,76801,39145
06202,2020,81252,8881,46225,25259,40258,4525,24293,10739,40994,4356,21932,14520
06202,2010,89401,11577,54346,22898,43953,5971,28421,9118,45448,5606,25925,13780
06202,2015,85953,10561,50637,24322,42100,5343,26366,10065,43853,5218,24271,14257
06203,2020,122347,13441,65098,43003,58626,6816,33248,18075,63721,6625,31850,24928
06203,2010,136623,17527,79640,39222,64846,9012,40231,15453,71777,8515,39409,23769
06203,2015,129652,15347,72430,41303,61761,7834,36797,16794,67891,7513,35633,24509
06204,2020,100273,10305,53031,36091,47838,5227,26996,15193,52435,5078,26035,20898
06204,2010,111151,14123,65190,31835,52610,7100,32780,12727,58541,7023,32410,19108
06204,2015,106244,12168,59168,34518,50293,6129,29833,14137,55951,6039,29335,20381
06205,2020,34432,3863,18944,11370,16446,1956,9547,4786,17986,1907,9397,6584
06205,2010,38850,5404,23020,10332,18432,2780,11374,4216,20418,2624,11646,6116
06205,2015,36894,4659,21136,11034,17535,2340,10510,4644,19359,2319,10626,6390
06206,2020,40189,5040,22051,12859,19529,2627,11139,5640,20660,2413,10912,7219
06206,2010,42373,5798,25275,11244,20497,3028,12653,4768,21876,2770,12622,6476
06206,2015,41256,5409,23570,12226,19951,2832,11776,5306,21305,2577,11794,6920
06207,2020,29110,2712,14828,11386,13909,1371,7467,4970,15201,1341,7361,6416
06207,2010,33836,3776,19455,10600,16036,1970,9700,4365,17800,1806,9755,6235
06207,2015,31569,3224,17162,11118,14951,1651,8563,4700,16618,1573,8599,6418
06208,2020,22516,2193,11389,8903,10937,1148,5785,3981,11579,1045,5604,4922
06208,2010,26811,3232,15106,8472,12846,1650,7679,3517,13965,1582,7427,4955
06208,2015,24684,2675,13374,8628,11845,1361,6753,3726,12839,1314,6621,4902
06209,2020,26543,2897,13989,9449,12953,1493,7210,4096,13590,1404,6779,5353
06209,2010,29473,3788,16900,8765,14211,1918,8656,3620,15262,1870,8244,5145
06209,2015,27757,3311,15285,9119,13360,1669,7814,3845,14397,1642,7471,5274
06210,2020,62140,8060,35110,18761,30222,4197,17581,8309,31918,3863,17529,10452
06210,2010,62214,8615,38297,15070,30148,4436,19093,6445,32066,4179,19204,8625
06210,2015,62194,8195,36602,17146,30197,4267,18230,7534,31997,3928,18372,9612
06211,2020,47682,6548,27344,13441,23525,3348,14086,5850,24157,3200,13258,7591
06211,2010,46414,6684,28387,11324,22934,3379,14729,4810,23480,3305,13658,6514
06211,2015,47768,6809,28470,12482,23696,3433,14861,5397,24072,3376,13609,7085
06212,2020,14971,1459,7278,6232,7320,769,3777,2773,7651,690,3501,3459
06212,2010,18955,2176,10616,6163,9138,1135,5466,2537,9817,1041,5150,3626
06212,2015,16953,1846,8877,6229,8178,963,4575,2639,8775,883,4302,3590
06213,2020,30420,3516,16493,10339,14652,1797,8346,4453,15768,1719,8147,5886
06213,2010,33658,4296,19817,9545,16025,2185,9948,3892,17633,2111,9869,5653
06213,2015,32285,3911,18290,10031,15421,1994,9179,4213,16864,1917,9111,5818
06301,2020,13725,1626,7372,4715,6603,848,3660,2091,7122,778,3712,2624
06301,2010,15139,1913,9060,4166,7189,942,4494,1753,7950,971,4566,2413
06301,2015,14369,1703,7818,4381,6877,876,3864,1913,7492,827,3954,2468
06302,2020,10746,1132,5779,3835,5251,583,2967,1701,5495,549,2812,2134
06302,2010,12015,1495,7196,3324,5791,762,3616,1413,6224,733,3580,1911
06302,2015,11363,1293,6500,3570,5494,659,3230,1605,5869,634,3270,1965
06321,2020,17641,1908,9078,6639,8528,993,4582,2943,9113,915,4496,3696
06321,2010,19959,2441,11559,5949,9604,1271,5843,2482,10355,1170,5716,3467
06321,2015,18952,2234,10350,6359,9152,1159,5209,2780,9800,1075,5141,3579
06322,2020,4956,425,2265,2262,2387,216,1142,1026,2569,209,1123,1236
06322,2010,6270,679,3317,2274,2993,347,1681,965,3277,332,1636,1309
06322,2015,5636,550,2829,2257,2688,274,1427,987,2948,276,1402,1270
06323,2020,6366,561,2976,2828,3150,296,1561,1292,3216,265,1415,1536
06323,2010,7856,822,4236,2798,3861,426,2237,1198,3995,396,1999,1600
06323,2015,7119,695,3618,2806,3504,366,1902,1236,3615,329,1716,1570
06324,2020,7646,761,3850,3035,3797,422,1999,1376,3849,339,1851,1659
06324,2010,9227,1059,5185,2983,4455,559,2688,1208,4772,500,2497,1775
06324,2015,8472,912,4520,3040,4173,473,2360,1340,4299,439,2160,1700
06341,2020,6577,603,3342,2632,3213,311,1715,1187,3364,292,1627,1445
06341,2010,8160,956,4691,2513,3967,493,2438,1036,4193,463,2253,1477
06341,2015,7357,814,3985,2557,3610,422,2063,1125,3747,392,1922,1432
06361,2020,5071,547,2646,1878,2466,278,1358,830,2605,269,1288,1048
06361,2010,6365,823,3645,1897,3044,421,1872,751,3321,402,1773,1146
06361,2015,5829,704,3249,1876,2820,368,1667,785,3009,336,1582,1091
06362,2020,8080,838,3982,3260,3913,424,2042,1447,4167,414,1940,1813
06362,2010,9847,1160,5598,3089,4756,603,2891,1262,5091,557,2707,1827
06362,2015,8902,988,4831,3083,4299,511,2481,1307,4603,477,2350,1776
06363,2020,5007,483,2421,2103,2420,260,1253,907,2587,223,1168,1196
06363,2010,6164,659,3445,2060,2986,357,1788,841,3178,302,1657,1219
06363,2015,5631,596,2985,2050,2728,331,1538,859,2903,265,1447,1191
06364,2020,7203,689,3508,3006,3408,345,1782,1281,3795,344,1726,1725
06364,2010,9165,944,5245,2976,4346,476,2665,1205,4819,468,2580,1771
06364,2015,8137,842,4301,2993,3821,412,2167,1241,4316,430,2134,1752
06365,2020,3028,335,1505,1188,1498,171,795,532,1530,164,710,656
06365,2010,3762,439,2112,1211,1805,236,1079,490,1957,203,1033,721
06365,2015,3412,415,1825,1172,1663,228,931,504,1749,187,894,668
06366,2020,3902,380,1942,1580,1887,200,999,688,2015,180,943,892
06366,2010,4862,564,2760,1538,2331,293,1420,618,2531,271,1340,920
06366,2015,4317,442,2336,1539,2085,230,1200,655,2232,212,1136,884
06367,2020,4199,367,2128,1704,1987,175,1084,728,2212,192,1044,976
06367,2010,5304,558,3059,1687,2526,289,1560,677,2778,269,1499,1010
06367,2015,4773,455,2636,1682,2279,225,1348,706,2494,230,1288,976
06381,2020,22463,2709,12134,7597,10950,1407,6172,3355,11513,1302,5962,4242
06381,2010,25025,3429,14868,6721,12068,1746,7578,2737,12957,1683,7290,3984
06381,2015,23882,3101,13579,7187,11548,1566,6887,3085,12334,1535,6692,4102
06382,2020,14558,1497,7370,5682,7101,723,3897,2475,7457,774,3473,3207
06382,2010,17313,1953,9976,5384,8360,1000,5259,2101,8953,953,4717,3283
06382,2015,15751,1749,8663,5339,7646,872,4543,2231,8105,877,4120,3108
06401,2020,7107,688,3527,2882,3573,338,1956,1273,3534,350,1571,1609
06401,2010,8862,1070,4816,2976,4301,562,2501,1238,4561,508,2315,1738
06401,2015,7868,866,4106,2896,3863,449,2169,1245,4005,417,1937,1651
06402,2020,12890,1382,6515,4990,6357,745,3334,2276,6533,637,3181,2714
06402,2010,15314,1878,8658,4778,7436,981,4425,2030,7878,897,4233,2748
06402,2015,14175,1651,7620,4882,6926,883,3865,2164,7249,768,3755,2718
06403,2020,6613,755,3300,2555,3214,401,1703,1108,3399,354,1597,1447
06403,2010,7943,939,4494,2510,3821,487,2324,1010,4122,452,2170,1500
06403,2015,7304,840,3929,2535,3527,428,2040,1059,3777,412,1889,1476
06426,2020,7601,994,3929,2664,3694,539,2032,1115,3907,455,1897,1549
06426,2010,7731,998,4358,2372,3716,526,2236,952,4015,472,2122,1420
06426,2015,7728,1008,4124,2555,3715,530,2107,1058,4013,478,2017,1497
06428,2020,20151,2161,10362,7578,9636,1103,5305,3199,10515,1058,5057,4379
06428,2010,23158,2968,13111,7079,10954,1497,6657,2800,12204,1471,6454,4279
06428,2015,21666,2518,11742,7404,10255,1269,5946,3039,11411,1249,5796,4365
06461,2020,13032,1210,6312,5507,6189,611,3254,2322,6843,599,3058,3185
06461,2010,15480,1670,8725,5085,7224,826,4466,1932,8256,844,4259,3153
06461,2015,14207,1400,7518,5289,6690,692,3867,2131,7517,708,3651,3158
07000,2020,1833152,206152,1020241,572825,903864,105368,527344,250414,929288,100784,492897,322411
07000,2010,2029064,276069,1236458,504451,984682,141275,627269,208632,1044382,134794,609189,295819
07000,2015,1914039,228887,1120189,542384,945660,117321,579554,233988,968379,111566,540635,308396
07201,2020,282693,31136,160024,84304,138190,15969,81311,36593,144503,15167,78713,47711
07201,2010,292590,39736,180618,68621,140723,20423,89112,29142,151867,19313,91506,39479
07201,2015,294247,34412,175079,80252,144690,17753,89195,35010,149557,16659,85884,45242
07202,2020,117376,13716,65104,36307,56063,7018,32693,15185,61313,6698,32411,21122
07202,2010,126220,17268,75972,32039,59854,8722,37833,12722,66366,8546,38139,19317
07202,2015,124062,15681,72042,34914,59200,8014,35992,14360,64862,7667,36050,20554
07203,2020,327692,39177,193417,86479,161830,20023,98760,37650,165862,19154,94657,48829
07203,2010,338712,48692,217826,67956,166336,24870,110229,28506,172376,23822,107597,39450
07203,2015,335444,41865,204785,81853,167096,21467,104575,36340,168348,20398,100210,45513
07204,2020,332931,37979,184720,102319,163525,19513,95531,44397,169406,18466,89189,57922
07204,2010,342249,46776,208667,85510,165339,23835,105300,35442,176910,22941,103367,50068
07204,2015,350237,42404,204962,98323,172829,21642,106107,42064,177408,20762,98855,56259
07205,2020,59491,6995,34109,17546,29681,3555,17880,7741,29810,3440,16229,9805
07205,2010,64704,9501,40373,14682,31884,4915,20810,6077,32820,4586,19563,8605
07205,2015,61913,8071,37135,16151,30662,4160,19191,6979,31251,3911,17944,9172
07207,2020,74992,9537,43226,21188,36781,4845,22033,9340,38211,4692,21193,11848
07207,2010,79267,11719,49946,17242,38731,6101,25300,7081,40536,5618,24646,10161
07207,2015,77441,10476,46938,19590,38032,5358,23956,8411,39409,5118,22982,11179
07208,2020,44760,4905,23375,16479,21438,2506,11939,6992,23322,2399,11436,9487
07208,2010,52356,6560,29232,16459,24775,3377,14987,6331,27581,3183,14245,10128
07208,2015,49377,5619,25951,16674,23301,2843,13212,6666,26076,2776,12739,10008
07209,2020,34865,4215,19325,10792,17536,2167,10274,4716,17329,2048,9051,6076
07209,2010,37817,5187,22832,9577,18364,2625,11702,3912,19453,2562,11130,5665
07209,2015,38556,4893,22428,10736,19603,2513,12039,4696,18953,2380,10389,6040
07210,2020,53557,5760,29073,18406,26305,2939,14917,8244,27252,2821,14156,10162
07210,2010,59871,7725,36188,15854,29012,3987,18420,6546,30859,3738,17768,9308
07210,2015,58162,6570,33974,17526,28716,3387,17653,7608,29446,3183,16321,9918
07211,2020,35169,3626,18763,12609,17320,1809,9789,5613,17849,1817,8974,6996
07211,2010,40422,5100,23601,11686,19577,2551,12193,4807,20845,2549,11408,6879
07211,2015,38503,4279,22033,11907,19189,2175,11640,5148,19314,2104,10393,6759
07212,2020,59005,5099,30626,20796,31015,2577,16953,9335,27990,2522,13673,11461
07212,2010,70878,9649,42196,18809,34450,4956,21583,7741,36428,4693,20613,11068
07212,2015,57797,4885,33379,18452,31175,2496,19596,8217,26622,2389,13783,10235
07213,2020,58240,5961,31100,21008,28313,2958,15927,9304,29927,3003,15173,11704
07213,2010,66027,8378,39060,18528,31951,4178,19720,8008,34076,4200,19340,10520
07213,2015,62400,6712,35350,20234,30541,3390,18143,8944,31859,3322,17207,11290
07214,2020,30236,3881,17765,8579,15018,2032,9196,3784,15218,1849,8569,4795
07214,2010,31489,4670,19571,7227,15385,2389,9958,3026,16104,2281,9613,4201
07214,2015,30924,4160,18654,8104,15224,2184,9533,3504,15700,1976,9121,4600
07301,2020,11459,1200,5895,4347,5491,605,2979,1897,5968,595,2916,2450
07301,2010,12853,1547,7379,3926,6066,790,3617,1658,6787,757,3762,2268
07301,2015,12271,1353,6640,4269,5829,678,3298,1846,6442,675,3342,2423
07303,2020,8639,727,4268,3642,4114,366,2129,1618,4525,361,2139,2024
07303,2010,10086,1181,5853,3052,4835,571,2949,1315,5251,610,2904,1737
07303,2015,9512,953,5117,3425,4594,472,2617,1495,4918,481,2500,1930
07308,2020,12170,940,6005,5096,5986,458,3174,2286,6184,482,2831,2810
07308,2010,15569,1761,8863,4941,7589,902,4657,2026,7980,859,4206,2915
07308,2015,14452,1327,7819,5249,7291,665,4284,2298,7161,662,3535,2951
07322,2020,8900,1322,5095,2455,4427,655,2627,1130,4473,667,2468,1325
07322,2010,8574,1201,5389,1979,4214,639,2756,815,4360,562,2633,1164
07322,2015,8679,1202,5205,2216,4309,638,2676,962,4370,564,2529,1254
07342,2020,12318,1684,7187,3441,6030,882,3686,1462,6288,802,3501,1979
07342,2010,12815,1991,8093,2712,6316,1030,4133,1135,6499,961,3960,1577
07342,2015,12486,1809,7537,3140,6092,934,3847,1311,6394,875,3690,1829
07344,2020,5194,530,2748,1916,2567,280,1431,856,2627,250,1317,1060
07344,2010,6291,777,3835,1679,3077,401,2016,660,3214,376,1819,1019
07344,2015,5611,651,3272,1684,2783,343,1720,717,2828,308,1552,967
07362,2020,5264,476,2428,2360,2602,244,1285,1073,2662,232,1143,1287
07362,2010,6461,722,3339,2400,3131,375,1774,982,3330,347,1565,1418
07362,2015,5800,597,2875,2328,2799,298,1501,1000,3001,299,1374,1328
07364,2020,504,58,252,194,259,32,136,91,245,26,116,103
07364,2010,636,81,342,213,317,38,186,93,319,43,156,120
07364,2015,615,75,339,201,315,44,182,89,300,31,157,112
07367,2020,4044,353,1783,1907,1976,191,967,817,2068,162,816,1090
07367,2010,4932,526,2369,2036,2361,260,1249,851,2571,266,1120,1185
07367,2015,4470,426,2067,1977,2176,220,1115,841,2294,206,952,1136
07368,2020,14451,1331,7030,6048,7116,661,3775,2647,7335,670,3255,3401
07368,2010,17864,2068,9416,6369,8667,1068,4968,2620,9197,1000,4448,3749
07368,2015,16264,1729,8341,6181,7949,892,4405,2640,8315,837,3936,3541
07402,2020,2556,258,1349,948,1290,136,725,428,1266,122,624,520
07402,2010,3185,415,1879,891,1590,237,1002,351,1595,178,877,540
07402,2015,2831,324,1608,899,1434,179,859,396,1397,145,749,503
07405,2020,5770,468,2582,2718,2789,224,1373,1190,2981,244,1209,1528
07405,2010,7366,719,3599,3048,3534,356,1965,1213,3832,363,1634,1835
07405,2015,6582,567,3143,2872,3148,277,1680,1191,3434,290,1463,1681
07407,2020,3322,421,1655,1246,1604,205,872,527,1718,216,783,719
07407,2010,3761,464,2089,1208,1787,235,1100,452,1974,229,989,756
07407,2015,3579,460,1911,1208,1717,240,991,486,1862,220,920,722
07408,2020,13552,1422,6723,5360,6533,738,3473,2294,7019,684,3250,3066
07408,2010,15805,1948,8951,4890,7562,1010,4604,1937,8243,938,4347,2953
07408,2015,15037,1781,8110,5109,7188,922,4156,2092,7849,859,3954,3017
07421,2020,15068,1611,7909,5522,7245,821,4032,2374,7823,790,3877,3148
07421,2010,17360,2342,9878,5126,8281,1206,5063,2003,9079,1136,4815,3123
07421,2015,16303,1944,9120,5210,7788,997,4629,2142,8515,947,4491,3068
07422,2020,3081,421,1594,1066,1485,238,789,458,1596,183,805,608
07422,2010,3364,507,1892,965,1580,264,939,377,1784,243,953,588
07422,2015,3206,447,1771,988,1516,248,858,410,1690,199,913,578
07423,2020,3081,310,1374,1397,1501,165,740,596,1580,145,634,801
07423,2010,4009,430,2072,1507,1954,230,1098,626,2055,200,974,881
07423,2015,3536,370,1707,1459,1719,195,903,621,1817,175,804,838
07444,2020,1452,96,573,783,714,52,318,344,738,44,255,439
07444,2010,1926,133,880,912,899,71,470,358,1027,62,410,554
07444,2015,1668,119,705,844,800,67,391,342,868,52,314,502
07445,2020,1862,89,638,1134,908,56,347,505,954,33,291,629
07445,2010,2462,151,955,1356,1157,82,523,552,1305,69,432,804
07445,2015,2189,103,827,1259,1036,53,450,533,1153,50,377,726
07446,2020,1246,66,487,693,623,34,283,306,623,32,204,387
07446,2010,1500,104,598,798,724,60,321,343,776,44,277,455
07446,2015,1322,85,512,725,633,47,279,307,689,38,233,418
07447,2020,19014,1904,9438,7528,9108,969,4835,3225,9906,935,4603,4303
07447,2010,22737,2685,12786,7262,10800,1410,6538,2851,11937,1275,6248,4411
07447,2015,20913,2253,11347,7313,9942,1162,5803,2977,10971,1091,5544,4336
07461,2020,20808,2805,12432,5185,10636,1449,6569,2373,10172,1356,5863,2812
07461,2010,19767,3022,12991,3610,9956,1510,6817,1525,9811,1512,6174,2085
07461,2015,20322,2868,12621,4487,10284,1462,6595,2001,10038,1406,6026,2486
07464,2020,6213,776,3451,1986,3061,385,1773,903,3152,391,1678,1083
07464,2010,6802,959,4211,1629,3306,489,2149,665,3496,470,2062,964
07464,2015,6495,907,3818,1768,3163,445,1953,763,3332,462,1865,1005
07465,2020,4885,632,2774,1479,2398,305,1447,646,2487,327,1327,833
07465,2010,5154,795,3223,1126,2541,413,1647,471,2613,382,1576,655
07465,2015,5001,674,3012,1315,2456,330,1566,560,2545,344,1446,755
07466,2020,17287,2132,9723,5429,8649,1087,5162,2400,8638,1045,4561,3029
07466,2010,18407,2498,11350,4429,9190,1323,5887,1889,9217,1175,5463,2540
07466,2015,17370,2228,10146,4948,8731,1150,5378,2163,8639,1078,4768,2785
07481,2020,13343,1630,7372,4258,6581,823,3849,1864,6762,807,3523,2394
07481,2010,15062,2293,9030,3739,7393,1212,4653,1528,7669,1081,4377,2211
07481,2015,14295,1939,8259,4038,7053,966,4338,1713,7242,973,3921,2325
07482,2020,5392,600,2666,2126,2620,292,1395,933,2772,308,1271,1193
07482,2010,6348,755,3488,2105,3062,366,1829,867,3286,389,1659,1238
07482,2015,5950,664,3196,2090,2913,329,1682,902,3037,335,1514,1188
07483,2020,8302,865,4214,3196,4079,444,2188,1429,4223,421,2026,1767
07483,2010,9884,1246,5551,3087,4819,642,2880,1297,5065,604,2671,1790
07483,2015,9157,1022,5027,3105,4499,549,2592,1356,4658,473,2435,1749
07484,2020,3049,316,1512,1221,1531,157,802,572,1518,159,710,649
07484,2010,3989,487,2249,1253,1973,244,1202,527,2016,243,1047,726
07484,2015,3577,434,1925,1218,1788,211,1032,545,1789,223,893,673
07501,2020,14644,1424,7719,5430,7334,754,4095,2434,7310,670,3624,2996
07501,2010,17775,2074,10716,4906,8677,1035,5596,1996,9098,1039,5120,2910
07501,2015,15880,1741,8919,5206,7792,895,4638,2247,8088,846,4281,2959
07502,2020,6392,795,3565,2024,3202,407,1877,912,3190,388,1688,1112
07502,2010,7231,1036,4500,1695,3581,512,2346,723,3650,524,2154,972
07502,2015,6777,894,4049,1819,3374,456,2095,812,3403,438,1954,1007
07503,2020,5826,584,3179,2057,2883,299,1699,879,2943,285,1480,1178
07503,2010,6921,912,4253,1756,3454,476,2282,696,3467,436,1971,1060
07503,2015,6505,752,3822,1930,3197,382,2037,778,3308,370,1785,1152
07504,2020,6036,682,3272,2055,3031,353,1733,932,3005,329,1539,1123
07504,2010,6888,995,4110,1783,3424,528,2164,732,3464,467,1946,1051
07504,2015,6577,885,3752,1940,3308,483,1977,848,3269,402,1775,1092
07505,2020,4825,499,2433,1893,2364,243,1279,842,2461,256,1154,1051
07505,2010,6030,769,3386,1875,2953,393,1786,774,3077,376,1600,1101
07505,2015,5373,629,2948,1796,2610,301,1573,736,2763,328,1375,1060
07521,2020,17018,1842,9177,5882,8448,959,4735,2678,8570,883,4442,3204
07521,2010,18191,2256,11171,4763,8803,1158,5657,1988,9388,1098,5514,2775
07521,2015,18304,2016,10557,5620,9089,1047,5468,2472,9215,969,5089,3148
07522,2020,9471,969,5074,3384,4677,495,2666,1491,4794,474,2408,1893
07522,2010,11202,1392,6601,3204,5424,702,3426,1294,5778,690,3175,1910
07522,2015,10475,1203,5991,3246,5115,599,3115,1376,5360,604,2876,1870
07541,2020,5412,384,2958,1558,3311,198,1889,729,2101,186,1069,829
07541,2010,5418,765,3365,1288,2683,400,1773,510,2735,365,1592,778
07541,2015,4319,256,2930,1131,2750,130,2109,509,1569,126,821,622
07542,2020,3710,259,1996,1388,2147,132,1276,672,1563,127,720,716
07542,2010,7700,1021,4684,1995,3732,522,2393,817,3968,499,2291,1178
07542,2015,975,3,741,185,846,1,690,109,129,2,51,76
07543,2020,2128,60,1382,482,1542,21,1092,258,586,39,290,224
07543,2010,16001,2242,10245,3342,8235,1174,5512,1402,7766,1068,4733,1940
07543,2015,0,0,0,0,0,0,0,0,0,0,0,0
07544,2020,2044,116,883,974,1035,60,499,441,1009,56,384,533
07544,2010,2820,260,1567,993,1414,141,850,423,1406,119,717,570
07544,2015,2021,74,1181,765,1222,40,828,353,799,34,353,412
07545,2020,847,1,754,87,754,1,697,51,93,0,57,36
07545,2010,11515,1848,7252,2413,5742,902,3836,1002,5773,946,3416,1411
07545,2015,0,0,0,0,0,0,0,0,0,0,0,0
07546,2020,0,0,0,0,0,0,0,0,0,0,0,0
07546,2010,6932,928,4119,1879,3384,492,2133,753,3548,436,1986,1126
07546,2015,0,0,0,0,0,0,0,0,0,0,0,0
07547,2020,1923,52,1056,568,1350,26,806,321,573,26,250,247
07547,2010,20905,2719,12550,5548,10189,1359,6494,2270,10716,1360,6056,3278
07547,2015,0,0,0,0,0,0,0,0,0,0,0,0
07548,2020,420,24,198,198,241,10,121,110,179,14,77,88
07548,2010,1531,173,865,493,808,105,483,220,723,68,382,273
07548,2015,18,0,9,9,12,0,6,6,6,0,3,3
07561,2020,7905,997,4286,2597,3945,528,2229,1170,3960,469,2057,1427
07561,2010,8224,1118,4890,2215,4019,607,2476,935,4205,511,2414,1280
07561,2015,8218,1096,4603,2455,4135,592,2406,1089,4083,504,2197,1366
07564,2020,1318,34,525,755,662,17,287,356,656,17,238,399
07564,2010,6209,792,3552,1865,3098,406,1923,769,3111,386,1629,1096
07564,2015,41,0,0,41,7,0,0,7,34,0,0,34
08000,2020,2867009,333741,1638165,839907,1430976,171136,850907,379302,1436033,162605,787258,460605
08000,2010,2969770,399638,1891701,665065,1479779,205036,971783,293947,1489991,194602,919918,371118
08000,2015,2916976,364351,1747312,771678,1453594,186926,900635,346608,1463382,177425,846677,425070
08201,2020,270685,33685,158472,70922,132537,17307,79988,30822,138148,16378,78484,40100
08201,2010,268750,37340,169886,57793,130918,19280,84616,24791,137832,18060,85270,33002
08201,2015,270783,34839,163039,66236,132799,17993,81976,28675,137984,16846,81063,37561
08202,2020,174508,17585,97706,56525,87126,9002,51643,25302,87382,8583,46063,31223
08202,2010,193129,25861,118012,48620,96747,13231,61234,21852,96382,12630,56778,26768
08202,2015,185054,21621,108148,53977,92595,11090,56828,24132,92459,10531,51320,29845
08203,2020,142074,15510,82307,40903,70935,8049,42866,18096,71139,7461,39441,22807
08203,2010,143839,18989,91826,31968,71600,9767,47174,14028,72239,9222,44652,17940
08203,2015,140804,17312,85252,37562,70101,8991,43986,16660,70703,8321,41266,20902
08204,2020,139344,16213,82127,39691,69735,8201,42883,18018,69609,8012,39244,21673
08204,2010,142995,18824,93698,30304,71450,9618,48102,13596,71545,9206,45596,16708
08204,2015,140946,17562,87054,35974,70354,8995,44858,16313,70592,8567,42196,19661
08205,2020,73061,7543,40001,23972,36167,3900,20609,10784,36894,3643,19392,13188
08205,2010,79687,9989,49156,20249,39254,5122,25067,8854,40433,4867,24089,11395
08205,2015,76020,8622,44542,22330,37530,4465,22803,9955,38490,4157,21739,12375
08207,2020,50645,6065,28719,15388,25441,3109,15068,6963,25204,2956,13651,8425
08207,2010,52494,6905,33434,12027,26126,3524,17150,5347,26368,3381,16284,6680
08207,2015,51594,6626,30618,14127,25689,3371,15842,6344,25905,3255,14776,7783
08208,2020,76420,8264,44619,22113,37995,4196,22884,10124,38425,4068,21735,11989
08208,2010,80334,11118,53540,15132,40247,5650,27393,6770,40087,5468,26147,8362
08208,2015,78342,9590,48335,19113,38959,4852,24638,8765,39383,4738,23697,10348
08210,2020,42521,5034,24731,12043,21412,2625,12921,5457,21109,2409,11810,6586
08210,2010,44987,6414,28720,9753,22418,3288,14862,4206,22569,3126,13858,5547
08210,2015,43293,5719,26540,11018,21603,2962,13726,4901,21690,2757,12814,6117
08211,2020,60834,6942,35001,18316,30465,3554,18417,8119,30369,3388,16584,10197
08211,2010,65320,8873,41425,15021,32449,4549,21438,6461,32871,4324,19987,8560
08211,2015,61483,7633,36451,16860,30692,3908,18929,7525,30791,3725,17522,9335
08212,2020,48602,4303,25419,18808,23705,2222,12778,8662,24897,2081,12641,10146
08212,2010,56250,6301,33229,16684,27292,3193,16788,7291,28958,3108,16441,9393
08212,2015,52294,4975,29533,17745,25382,2593,14837,7930,26912,2382,14696,9815
08214,2020,27699,2686,14805,9900,13804,1371,7748,4530,13895,1315,7057,5370
08214,2010,31017,3810,19134,8064,15161,1968,9649,3535,15856,1842,9485,4529
08214,2015,29638,3329,17197,9061,14598,1680,8782,4099,15040,1649,8415,4962
08215,2020,41801,4368,22846,14335,20760,2198,11836,6561,21041,2170,11010,7774
08215,2010,47026,5929,28939,12074,23168,3082,14842,5173,23858,2847,14097,6901
08215,2015,44412,4924,25811,13183,22003,2555,13242,5910,22409,2369,12569,7273
08216,2020,73173,8235,40639,23420,35783,4230,20694,10449,37390,4005,19945,12971
08216,2010,79409,10268,49901,19015,38821,5308,25103,8257,40588,4960,24798,10758
08216,2015,76739,9251,45466,21713,37510,4793,22889,9659,39229,4458,22577,12054
08217,2020,104524,10593,56760,36052,51476,5474,29042,16262,53048,5119,27718,19790
08217,2010,109651,12623,69979,26892,54054,6465,34942,12539,55597,6158,35037,14353
08217,2015,106570,11555,61423,33380,52489,5945,31015,15384,54081,5610,30408,17996
08219,2020,84651,10834,48124,24561,41773,5474,24379,11226,42878,5360,23745,13335
08219,2010,81684,11003,54248,16428,40803,5571,27393,7836,40881,5432,26855,8592
08219,2015,84317,11355,50287,21846,41672,5709,25263,10204,42645,5646,25024,11642
08220,2020,241656,34645,143552,45697,121043,17810,74058,20759,120613,16835,69494,24938
08220,2010,214590,32225,145431,33933,110230,16687,76421,15064,104360,15538,69010,18869
08220,2015,226963,31448,139739,40999,114774,16254,72087,18530,112189,15194,67652,22469
08221,2020,156581,19610,93439,40234,79293,10080,49116,18125,77288,9530,44323,22109
08221,2010,157060,24160,100276,31744,79046,12334,51527,14616,78014,11826,48749,17128
08221,2015,155689,22079,96086,37127,78270,11157,49962,16871,77419,10922,46124,20256
08222,2020,66950,8142,36902,20737,34434,4099,19857,9819,32516,4043,17045,10918
08222,2010,66093,9079,41907,14748,34026,4609,22297,6853,32067,4470,19610,7895
08222,2015,67879,8719,40017,18708,35089,4387,21599,8773,32790,4332,18418,9935
08223,2020,27604,2953,15322,9078,13672,1511,7889,4125,13932,1442,7433,4953
08223,2010,30534,3873,19419,7194,15048,1943,9910,3157,15486,1930,9509,4037
08223,2015,29111,3341,17331,8253,14415,1687,8859,3742,14696,1654,8472,4511
08224,2020,68421,10301,41920,15847,34163,5321,21235,7464,34258,4980,20685,8383
08224,2010,62482,10142,43175,8955,31591,5276,21897,4251,30891,4866,21278,4704
08224,2015,64753,10243,41528,12651,32742,5318,21043,6124,32011,4925,20485,6527
08225,2020,39267,3632,20414,14627,19392,1859,10525,6684,19875,1773,9889,7943
08225,2010,45178,5340,26476,13321,22141,2765,13587,5751,23037,2575,12889,7570
08225,2015,42587,4483,23685,14005,20953,2318,12158,6246,21634,2165,11527,7759
08226,2020,53502,6294,29694,17194,26047,3173,14921,7790,27455,3121,14773,9404
08226,2010,54240,7138,33708,13392,26388,3714,16794,5878,27852,3424,16914,7514
08226,2015,54276,6779,31580,15693,26422,3493,15782,7040,27854,3286,15798,8653
08227,2020,100753,11040,56749,32004,50018,5616,29515,14231,50735,5424,27234,17773
08227,2010,108527,14320,68435,25502,53680,7360,35119,11019,54847,6960,33316,14483
08227,2015,104573,12759,62316,29178,51663,6475,32096,12847,52910,6284,30220,16331
08228,2020,52265,5897,30067,15772,26593,2985,16015,7295,25672,2912,14052,8477
08228,2010,56114,7557,36007,12448,28309,3880,18885,5472,27805,3677,17122,6976
08228,2015,54087,6839,32517,14359,27298,3435,17104,6519,26789,3404,15413,7840
08229,2020,39039,3393,21055,14329,19490,1749,11081,6484,19549,1644,9974,7845
08229,2010,46895,5352,29234,12260,23232,2739,15251,5208,23663,2613,13983,7052
08229,2015,42810,4253,24920,13552,21218,2157,13046,5943,21592,2096,11874,7609
08230,2020,40087,4376,22859,12779,20341,2273,12150,5866,19746,2103,10709,6913
08230,2010,43553,5889,27543,10023,21846,3001,14306,4454,21707,2888,13237,5569
08230,2015,42147,5172,25216,11693,21331,2697,13195,5383,20816,2475,12021,6310
08231,2020,39122,3985,21579,13423,19359,2100,11235,5933,19763,1885,10344,7490
08231,2010,45673,5808,28064,11788,22407,3013,14479,4905,23266,2795,13585,6883
08231,2015,42632,4892,25106,12592,20963,2587,12943,5411,21669,2305,12163,7181
08232,2020,95454,12569,59856,22162,49407,6411,32296,10100,46047,6158,27560,12062
08232,2010,94795,14684,63837,15792,48773,7573,33868,6922,46022,7111,29969,8870
08232,2015,94522,13713,60907,19576,48705,7054,32624,8770,45817,6659,28283,10806
08233,2020,32185,3215,17362,11604,15971,1624,9084,5260,16214,1591,8278,6344
08233,2010,37611,4341,22858,10383,18463,2215,11856,4365,19148,2126,11002,6018
08233,2015,34909,3796,20103,11001,17213,1861,10498,4847,17696,1935,9605,6154
08234,2020,45953,4647,25268,15454,23376,2387,13529,7203,22577,2260,11739,8251
08234,2010,50156,6044,30986,13083,25248,3094,16376,5746,24908,2950,14610,7337
08234,2015,48147,5357,28150,14560,24303,2756,14917,6578,23844,2601,13233,7982
08235,2020,49872,7350,27180,13152,24895,3798,13914,5988,24977,3552,13266,7164
08235,2010,44461,5940,28846,9656,22163,3026,14716,4407,22298,2914,14130,5249
08235,2015,49136,7071,29767,12050,24685,3663,15304,5552,24451,3408,14463,6498
08236,2020,48870,5631,28053,14724,24591,2866,14738,6729,24279,2765,13315,7995
08236,2010,52279,7279,33387,11502,26299,3688,17391,5151,25980,3591,15996,6351
08236,2015,50911,6507,30902,13435,25696,3307,16250,6101,25215,3200,14652,7334
08302,2020,31401,3271,17040,10983,15563,1716,8870,4920,15838,1555,8170,6063
08302,2010,34513,4229,21245,9026,17018,2238,10860,3912,17495,1991,10385,5114
08302,2015,32921,3716,19029,10128,16216,1942,9736,4509,16705,1774,9293,5619
08309,2020,15715,1538,8766,5225,7789,780,4650,2248,7926,758,4116,2977
08309,2010,18328,2145,11355,4780,8909,1105,5825,1947,9419,1040,5530,2833
08309,2015,16886,1827,9788,5149,8279,948,5042,2205,8607,879,4746,2944
08310,2020,18097,1559,9746,6774,8913,834,4949,3119,9184,725,4797,3655
08310,2010,21491,2520,12991,5979,10400,1262,6582,2555,11091,1258,6409,3424
08310,2015,19800,1970,11561,6260,9633,1014,5829,2785,10167,956,5732,3475
08341,2020,37891,5399,22581,9517,19240,2816,11874,4307,18651,2583,10707,5210
08341,2010,37438,6278,23444,7643,18968,3224,12105,3572,18470,3054,11339,4071
08341,2015,37713,5870,22388,8941,19031,3045,11590,4062,18682,2825,10798,4879
08364,2020,15736,1183,7262,7266,7692,628,3810,3243,8044,555,3452,4023
08364,2010,20073,1853,10859,7347,9780,969,5721,3082,10293,884,5138,4265
08364,2015,18053,1529,9215,7286,8765,788,4844,3122,9288,741,4371,4164
08442,2020,14602,1472,8425,4677,7479,764,4597,2108,7123,708,3828,2569
08442,2010,17299,2285,11233,3760,8797,1170,6009,1601,8502,1115,5224,2159
08442,2015,15842,1836,9720,4280,8048,936,5213,1895,7794,900,4507,2385
08443,2020,48553,5983,28352,13360,24237,3067,14624,6018,24316,2916,13728,7342
08443,2010,47940,6311,31494,9927,23794,3153,16104,4382,24146,3158,15390,5545
08443,2015,47535,6158,29059,12013,23496,3117,14808,5388,24039,3041,14251,6625
08447,2020,8231,589,4409,3227,4051,303,2299,1445,4180,286,2110,1782
08447,2010,10172,1069,6122,2981,4923,519,3195,1209,5249,550,2927,1772
08447,2015,9168,790,5232,3146,4495,395,2737,1363,4673,395,2495,1783
08521,2020,21026,2369,12114,6459,10991,1238,6723,2966,10035,1131,5391,3493
08521,2010,23106,3149,14710,5231,11801,1646,7906,2235,11305,1503,6804,2996
08521,2015,22021,2770,13333,5826,11309,1474,7171,2595,10712,1296,6162,3231
08542,2020,8093,730,4544,2732,4066,379,2341,1325,4027,351,2203,1407
08542,2010,9410,1081,6293,2035,4719,540,3281,897,4691,541,3012,1138
08542,2015,8786,896,5405,2407,4408,452,2784,1126,4378,444,2621,1281
08546,2020,24201,2912,14152,7018,12274,1434,7531,3225,11927,1478,6621,3793
08546,2010,25714,3579,16403,5693,12805,1815,8487,2471,12909,1764,7916,3222
08546,2015,24517,3199,14832,6453,12217,1595,7684,2913,12300,1604,7148,3540
08564,2020,15340,1196,7227,6903,7482,603,3725,3148,7858,593,3502,3755
08564,2010,17473,1721,10836,4915,8467,862,5275,2329,9006,859,5561,2586
08564,2015,16313,1426,8184,6232,7981,712,4116,2912,8332,714,4068,3320
09000,2020,1933146,227553,1115611,554381,964930,117231,578850,248634,968216,110322,536761,305747
09000,2010,2007683,269823,1281274,438196,996855,138441,659810,188645,1010828,131382,621464,249551
09000,2015,1974255,252836,1203616,508392,981626,129488,621806,224907,992629,123348,581810,283485
09201,2020,518757,65253,307157,129853,259616,33320,159790,57282,259141,31933,147367,72571
09201,2010,511739,71418,331324,98939,254605,36624,170025,42772,257134,34794,161299,56167
09201,2015,518594,70889,327930,119000,258960,36154,169988,52383,259634,34735,157942,66617
09202,2020,144746,15176,80642,47023,71405,7661,41740,20759,73341,7515,38902,26264
09202,2010,154530,19530,95137,39351,75382,9903,48457,16677,79148,9627,46680,22674
09202,2015,149452,17432,86168,45047,73161,8777,44274,19598,76291,8655,41894,25449
09203,2020,155549,17322,87866,49179,77408,8988,45588,22059,78141,8334,42278,27120
09203,2010,139262,17832,87210,33925,67859,9076,43972,14643,71403,8756,43238,19282
09203,2015,159211,18963,94138,45706,78209,9721,47969,20244,81002,9242,46169,25462
09204,2020,116228,13011,66171,35621,57494,6718,34286,15801,58734,6293,31885,19820
09204,2010,121249,15402,75834,29394,59499,7843,38815,12435,61750,7559,37019,16959
09204,2015,118919,14364,70826,33079,58507,7324,36408,14422,60412,7040,34418,18657
09205,2020,94033,11015,53951,28504,46609,5693,27787,12741,47424,5322,26164,15763
09205,2010,102348,13698,63593,23466,50452,6985,32537,10090,51896,6713,31056,13376
09205,2015,98374,12613,58998,26488,48488,6452,30187,11671,49886,6161,28811,14817
09206,2020,77661,7410,41644,27850,37823,3901,21297,12186,39838,3509,20347,15664
09206,2010,90066,10483,54512,24826,43864,5392,27973,10334,46202,5091,26539,14492
09206,2015,83386,8794,47371,27030,40431,4541,24167,11602,42955,4253,23204,15428
09208,2020,166666,20940,101109,41781,84450,11005,52963,19008,82216,9935,48146,22773
09208,2010,164454,23193,108376,30964,82825,12024,56198,13594,81629,11169,52178,17370
09208,2015,166760,22523,105124,37162,84100,11630,54758,16649,82660,10893,50366,20513
09209,2020,78190,10200,45955,21215,39482,5189,24033,9758,38708,5011,21922,11457
09209,2010,82289,12245,53841,16203,41386,6347,27961,7078,40903,5898,25880,9125
09209,2015,79539,11292,49000,18948,39910,5735,25400,8588,39629,5557,23600,10360
09210,2020,72087,8176,41342,20726,35407,4111,21135,9289,36680,4065,20207,11437
09210,2010,77729,9864,50429,16385,39118,5031,26595,6960,38611,4833,23834,9425
09210,2015,75457,9056,46574,18817,37673,4599,24195,8396,37784,4457,22379,10421
09211,2020,31165,3244,17357,10334,15415,1708,8908,4636,15750,1536,8449,5698
09211,2010,35343,4638,22519,8161,17594,2398,11688,3488,17749,2240,10831,4673
09211,2015,33354,4011,19829,9401,16589,2112,10273,4130,16765,1899,9556,5271
09213,2020,115210,14265,66620,32020,57307,7394,34138,14463,57903,6871,32482,17557
09213,2010,117812,17087,76424,22968,58402,8674,38942,10019,59410,8413,37482,12949
09213,2015,117146,15836,71997,27944,58148,8150,36809,12385,58998,7686,35188,15559
09214,2020,44513,6015,26570,11734,23102,3079,14566,5321,21411,2936,12004,6413
09214,2010,44768,6480,29024,9180,23303,3319,15906,4014,21465,3161,13118,5166
09214,2015,44901,6417,27694,10648,23368,3269,15262,4746,21533,3148,12432,5902
09215,2020,24875,2369,13175,9331,12379,1232,6924,4223,12496,1137,6251,5108
09215,2010,29206,3339,17594,8248,14335,1725,9107,3480,14871,1614,8487,4768
09215,2015,27047,2856,15241,8950,13340,1479,7943,3918,13707,1377,7298,5032
09216,2020,59507,7009,34829,14912,29453,3641,17418,6836,30054,3368,17411,8076
09216,2010,59483,8825,39174,11300,29454,4519,19791,4997,30029,4306,19383,6303
09216,2015,59431,8206,37656,13329,29376,4255,19022,5997,30055,3951,18634,7332
09301,2020,30806,4073,18972,7262,15842,2084,9958,3411,14964,1989,9014,3851
09301,2010,31621,5182,21082,5354,16250,2726,11133,2388,15371,2456,9949,2966
09301,2015,31046,4620,19977,6294,15951,2406,10555,2874,15095,2214,9422,3420
09321,2010,6521,840,3988,1693,3205,446,2075,684,3316,394,1913,1009
09342,2020,21898,2467,12195,7041,10871,1258,6258,3258,11027,1209,5937,3783
09342,2010,24348,3143,15712,5460,12057,1605,8073,2360,12291,1538,7639,3100
09342,2015,23281,2882,14080,6291,11542,1478,7179,2871,11739,1404,6901,3420
09343,2020,11891,986,5810,5073,5872,527,3024,2308,6019,459,2786,2765
09343,2010,15018,1574,8656,4788,7364,830,4496,2038,7654,744,4160,2750
09343,2015,13188,1238,7059,4890,6443,625,3648,2169,6745,613,3411,2721
09344,2020,11262,1269,6568,3317,5756,638,3490,1561,5506,631,3078,1756
09344,2010,12094,1623,7840,2620,6109,830,4133,1136,5985,793,3707,1484
09344,2015,11720,1436,7306,2954,5939,716,3864,1348,5781,720,3442,1606
09345,2020,14961,1942,8179,4782,7541,1019,4268,2217,7420,923,3911,2565
09345,2010,16030,2133,9951,3927,8010,1117,5197,1680,8020,1016,4754,2247
09345,2015,15189,1979,8791,4386,7635,1032,4611,1972,7554,947,4180,2414
09361,2020,39474,4680,22578,11443,19442,2411,11326,5179,20032,2269,11252,6264
09361,2010,39605,5227,25450,8669,19453,2699,12763,3831,20152,2528,12687,4838
09361,2015,39951,5176,24012,10402,19643,2701,12042,4677,20308,2475,11970,5725
09364,2020,24913,2908,13897,8095,12401,1528,7032,3829,12512,1380,6865,4266
09364,2010,25720,3065,17227,5383,12700,1549,8636,2480,13020,1516,8591,2903
09364,2015,25292,3013,15414,6730,12556,1557,7730,3201,12736,1456,7684,3529
09367,2010,18241,2142,11510,4581,9213,1134,6095,1979,9028,1008,5415,2602
09384,2020,10354,914,5282,4157,5135,480,2772,1882,5219,434,2510,2275
09384,2010,12560,1437,7634,3489,6170,774,3975,1421,6390,663,3659,2068
09384,2015,11495,1177,6522,3791,5619,623,3348,1645,5876,554,3174,2146
09386,2020,29229,3471,18001,7409,15254,1872,9926,3313,13975,1599,8075,4096
09386,2010,30436,4284,20170,5964,15761,2208,11033,2507,14675,2076,9137,3457
09386,2015,29639,3845,18679,6722,15326,1984,10159,2930,14313,1861,8520,3792
09407,2020,23956,2154,11866,9690,11784,1122,6048,4482,12172,1032,5818,5208
09407,2010,26765,3136,16005,7573,13325,1606,8450,3241,13440,1530,7555,4332
09407,2015,24919,2570,13692,8614,12186,1307,7010,3840,12733,1263,6682,4774
09411,2020,15215,1284,7875,6029,7682,652,4175,2832,7533,632,3700,3197
09411,2010,18446,2003,11058,5385,9160,1057,5784,2319,9286,946,5274,3066
09411,2015,16964,1648,9538,5769,8526,861,5005,2651,8438,787,4533,3118
10000,2020,1939110,224304,1096231,576729,959411,114867,564704,256160,979699,109437,531527,320569
10000,2010,2008068,275225,1251608,470520,988019,140983,637047,203593,1020049,134242,614561,266927
10000,2015,1973115,250884,1165780,540026,973283,128450,596669,238250,999832,122434,569111,301776
10201,2020,332149,36764,179561,96390,162298,18891,90203,42199,169851,17873,89358,54191
10201,2010,340291,45875,212620,79503,166043,23595,106903,34250,174248,22280,105717,45253
10201,2015,336154,41961,196034,91143,164136,21510,98640,39797,172018,20451,97394,51346
10202,2020,372973,46009,215425,105034,182646,23589,109564,46109,190327,22420,105861,58925
10202,2010,371302,51837,232305,83806,181667,26689,116821,36388,189635,25148,115484,47418
10202,2015,370884,49298,221228,97466,181601,25326,111546,42984,189283,23972,109682,54482
10203,2020,106445,9973,57199,38392,51392,5129,29309,16402,55053,4844,27890,21990
10203,2010,121704,14353,72413,34625,58765,7319,36786,14435,62939,7034,35627,20190
10203,2015,114714,12062,64314,38078,55327,6181,32869,16084,59387,5881,31445,21994
10204,2020,211850,27506,127686,53086,106350,13936,66629,23751,105500,13570,61057,29335
10204,2010,207221,31776,132185,42063,103210,16216,67777,18418,104011,15560,64408,23645
10204,2015,208814,29540,128354,49221,104234,15104,66257,21929,104580,14436,62097,27292
10205,2020,223014,29597,131786,58057,114106,15142,70589,26226,108908,14455,61197,31831
10205,2010,216465,32943,138538,43797,109204,16879,72151,19440,107261,16064,66387,24357
10205,2015,219807,31912,133417,53309,111610,16307,70586,23969,108197,15605,62831,29340
10206,2020,45337,4787,24666,15489,21942,2468,12481,6786,23395,2319,12185,8703
10206,2010,51265,6849,30254,13752,24732,3488,15233,5740,26533,3361,15021,8012
10206,2015,48676,5872,27742,14831,23489,2960,14064,6336,25187,2912,13678,8495
10207,2020,75309,8494,44000,22103,37769,4345,23153,9807,37540,4149,20847,12296
10207,2010,78608,11013,49500,17559,39238,5729,25552,7600,39370,5284,23948,9959
10207,2015,76667,9688,45718,20560,38266,4965,23790,9066,38401,4723,21928,11494
10208,2020,74581,7561,40199,26284,36363,3803,20571,11676,38218,3758,19628,14608
10208,2010,83330,10175,50843,22087,40658,5210,25832,9481,42672,4965,25011,12606
10208,2015,78391,8655,45161,24303,38135,4418,22889,10680,40256,4237,22272,13623
10209,2020,63261,6837,35533,20486,30766,3414,18012,9078,32495,3423,17521,11408
10209,2010,67975,9196,42357,16259,33186,4638,21342,7087,34789,4558,21015,9172
10209,2015,65708,8110,38660,18807,31983,4103,19439,8353,33725,4007,19221,10454
10210,2020,47446,5077,25762,16334,23403,2608,13215,7426,24043,2469,12547,8908
10210,2010,52070,6869,31273,13705,25458,3506,15790,5992,26612,3363,15483,7713
10210,2015,49746,6037,28183,15342,24323,3107,14236,6872,25423,2930,13947,8470
10211,2020,54907,5510,29336,19753,26848,2840,14942,8875,28059,2670,14394,10878
10211,2010,61077,7578,36556,16859,29601,3848,18368,7321,31476,3730,18188,9538
10211,2015,58531,6466,32834,18934,28569,3311,16643,8425,29962,3155,16191,10509
10212,2020,49648,5904,28254,14832,24562,3037,14565,6606,25086,2867,13689,8226
10212,2010,51899,7632,32578,11632,25422,3895,16518,4970,26477,3737,16060,6662
10212,2015,50906,6833,29966,13709,24974,3513,15153,6067,25932,3320,14813,7642
10344,2020,14216,1886,8497,3776,7190,996,4451,1710,7026,890,4046,2066
10344,2010,14370,2128,9417,2819,7238,1103,4902,1230,7132,1025,4515,1589
10344,2015,14329,1907,9025,3378,7314,981,4812,1510,7015,926,4213,1868
10345,2020,21792,3394,13135,5212,10613,1703,6509,2367,11179,1691,6626,2845
10345,2010,19801,3255,12636,3859,9694,1615,6322,1727,10107,1640,6314,2132
10345,2015,21080,3435,12860,4621,10334,1686,6407,2118,10746,1749,6453,2503
10366,2020,1128,108,502,518,573,59,269,245,555,49,233,273
10366,2010,1306,132,621,553,652,67,335,250,654,65,286,303
10366,2015,1230,132,544,554,609,77,271,261,621,55,273,293
10367,2020,1645,59,575,1011,793,28,319,446,852,31,256,565
10367,2010,2352,115,1006,1231,1111,55,547,509,1241,60,459,722
10367,2015,1954,90,768,1096,928,42,420,466,1026,48,348,630
10382,2020,6576,352,2884,3340,3224,172,1510,1542,3352,180,1374,1798
10382,2010,8911,683,4646,3549,4368,359,2428,1562,4543,324,2218,1987
10382,2015,7564,467,3657,3439,3708,244,1926,1537,3856,223,1731,1902
10383,2020,1611,38,522,1051,762,24,278,460,849,14,244,591
10383,2010,2423,103,933,1387,1128,53,489,586,1295,50,444,801
10383,2015,1979,59,723,1197,927,33,374,520,1052,26,349,677
10384,2020,12491,1276,6643,4274,6175,660,3355,1993,6316,616,3288,2281
10384,2010,13618,1691,8407,3520,6583,873,4208,1502,7035,818,4199,2018
10384,2015,13200,1486,7619,4064,6461,782,3858,1804,6739,704,3761,2260
10421,2020,15386,1365,7654,6294,7498,717,3901,2826,7888,648,3753,3468
10421,2010,18216,2001,10193,5995,8768,1033,5155,2564,9448,968,5038,3431
10421,2015,16850,1709,8894,6227,8203,891,4553,2746,8647,818,4341,3481
10424,2020,5095,434,2621,1991,2529,235,1393,873,2566,199,1228,1118
10424,2010,6017,802,3489,1726,2936,384,1815,737,3081,418,1674,989
10424,2015,5536,578,3142,1815,2784,291,1699,793,2752,287,1443,1022
10425,2020,8850,915,4635,3285,4522,483,2529,1498,4328,432,2106,1787
10425,2010,10183,1210,6064,2905,5184,640,3258,1285,4999,570,2806,1620
10425,2015,9780,1063,5590,3127,5063,564,3094,1405,4717,499,2496,1722
10426,2020,6049,435,2882,2348,3034,224,1554,1040,3015,211,1328,1308
10426,2010,7160,772,4107,2281,3495,385,2102,1008,3665,387,2005,1273
10426,2015,6518,621,3457,2406,3261,327,1857,1056,3257,294,1600,1350
10428,2020,3511,354,1858,1299,1745,188,967,590,1766,166,891,709
10428,2010,3911,511,2193,1207,1884,260,1120,504,2027,251,1073,703
10428,2015,3674,441,2005,1227,1786,240,1002,543,1888,201,1003,684
10429,2020,12728,1078,6379,5253,6268,557,3302,2395,6460,521,3077,2858
10429,2010,15622,1716,8984,4917,7558,865,4561,2128,8064,851,4423,2789
10429,2015,14033,1325,7638,5070,6774,693,3874,2207,7259,632,3764,2863
10443,2020,3993,331,2001,1639,1949,159,1051,725,2044,172,950,914
10443,2010,4904,591,2882,1431,2366,288,1505,573,2538,303,1377,858
10443,2015,4390,427,2436,1514,2111,196,1264,644,2279,231,1172,870
10444,2020,3480,361,1553,1566,1593,188,781,624,1887,173,772,942
10444,2010,3898,477,1953,1468,1802,235,989,578,2096,242,964,890
10444,2015,3647,428,1732,1486,1661,225,858,578,1986,203,874,908
10448,2020,6953,799,3869,2281,3455,446,1946,1061,3498,353,1923,1220
10448,2010,7620,1019,4671,1930,3744,535,2396,813,3876,484,2275,1117
10448,2015,7347,922,4326,2090,3661,505,2228,923,3686,417,2098,1167
10449,2020,17195,1500,8653,7014,8349,773,4426,3128,8846,727,4227,3886
10449,2010,21345,2346,12224,6746,10199,1158,6226,2797,11146,1188,5998,3949
10449,2015,19347,1801,10474,7055,9298,888,5383,3017,10049,913,5091,4038
10464,2020,36054,3777,20898,9207,17594,1954,10260,4249,18460,1823,10638,4958
10464,2010,37536,5492,25631,6019,18388,2821,12686,2650,19148,2671,12945,3369
10464,2015,36654,4510,24016,7801,17920,2305,11891,3551,18734,2205,12125,4250
10521,2020,14083,1361,7812,4735,7031,697,4035,2197,7052,664,3777,2538
10521,2010,15706,1911,10075,3683,7814,964,5218,1599,7892,947,4857,2084
10521,2015,15015,1628,9065,4228,7477,828,4709,1878,7538,800,4356,2350
10522,2020,10882,1284,6202,3316,5465,672,3189,1546,5417,612,3013,1770
10522,2010,11209,1453,7225,2530,5605,762,3716,1126,5604,691,3509,1404
10522,2015,11044,1390,6671,2974,5540,714,3434,1388,5504,676,3237,1586
10523,2020,10861,1257,6215,3374,5470,680,3224,1554,5391,577,2991,1820
10523,2010,11473,1531,7376,2542,5700,804,3766,1110,5773,727,3610,1432
10523,2015,11318,1471,6780,3049,5659,787,3470,1386,5659,684,3310,1663
10524,2020,42089,5097,26575,9464,22282,2592,14773,4335,19807,2505,11802,5129
10524,2010,40257,5618,27833,6797,21049,2878,15147,3018,19208,2740,12686,3779
10524,2015,41202,5310,27138,8456,21872,2666,15100,3902,19330,2644,12038,4554
10525,2020,25522,2824,14259,8241,12852,1458,7449,3815,12670,1366,6810,4426
10525,2010,27023,3572,17620,5778,13569,1834,9083,2615,13454,1738,8537,3163
10525,2015,26426,3250,15609,7449,13285,1680,8073,3455,13141,1570,7536,3994
11000,2020,7344765,858384,4335188,1934994,3652169,439171,2224260,872780,3692596,419213,2110928,1062214
11000,2010,7194556,953668,4749108,1464860,3608711,488332,2434894,668635,3585845,465336,2314214,796225
11000,2015,7266534,910805,4507174,1788735,3628418,466718,2312460,812816,3638116,444087,2194714,975919
11100,2020,1324025,168805,821211,304992,652920,86414,416997,135350,671105,82391,404214,169642
11100,2010,1222434,166926,813060,233564,611236,85098,415840,104854,611198,81828,397220,128710
11100,2015,1263979,164722,799279,284138,627238,84490,406617,126574,636741,80232,392662,157564
11101,2020,93499,12023,54499,25567,45843,6108,27789,11130,47656,5915,26710,14437
11101,2010,84029,11329,53214,19324,41531,5626,26921,8857,42498,5703,26293,10467
11101,2015,87146,11193,51964,23682,42913,5649,26495,10583,44233,5544,25469,13099
11102,2020,149242,18747,94208,31773,73370,9641,47722,14100,75872,9106,46486,17673
11102,2010,138630,19917,92661,24279,69537,10146,47449,10859,69093,9771,45212,13420
11102,2015,143446,19270,91826,29646,71102,9844,46557,13113,72344,9426,45269,16533
11103,2020,117784,14268,76221,26309,58338,7229,38935,11596,59446,7039,37286,14713
11103,2010,108488,12307,70551,22359,53610,6271,35667,9836,54878,6036,34884,12523
11103,2015,113864,12912,70462,26181,56457,6590,35518,11739,57407,6322,34944,14442
11104,2020,165049,19820,97222,44281,80749,10188,49317,19650,84300,9632,47905,24631
11104,2010,157143,21587,102033,33012,78070,11067,51851,14828,79073,10520,50182,18184
11104,2015,161960,20495,97967,41331,79696,10566,49604,18301,82264,9929,48363,23030
11105,2020,103269,12679,66441,21602,51016,6594,33366,9586,52253,6085,33075,12016
11105,2010,96055,13258,65485,16977,48029,6776,33660,7392,48026,6482,31825,9585
11105,2015,98762,13246,65083,20026,49204,6900,33204,8809,49558,6346,31879,11217
11106,2020,98661,11003,61240,22997,49764,5654,32236,10359,48897,5349,29004,12638
11106,2010,96911,12829,66388,17076,50147,6521,35347,7881,46764,6308,31041,9195
11106,2015,97910,12167,63813,21254,49891,6236,33745,9571,48019,5931,30068,11683
11107,2020,164822,22560,104392,32908,79554,11431,51139,14376,85268,11129,53253,18532
11107,2010,144786,19619,97739,26711,71066,9942,49077,11562,73720,9677,48662,15149
11107,2015,154416,20641,100851,31338,74970,10467,50010,13532,79446,10174,50841,17806
11108,2020,191563,25696,125479,36829,95491,13229,64242,16393,96072,12467,61237,20436
11108,2010,174988,24889,121719,27549,88833,12840,63045,12373,86155,12049,58674,15176
11108,2015,180152,24400,120521,33298,90744,12652,62017,14814,89408,11748,58504,18484
11109,2020,128321,19366,78427,28460,63216,9819,39357,12757,65105,9547,39070,15703
11109,2010,110118,16825,72742,20173,54665,8622,36706,9116,55453,8203,36036,11057
11109,2015,116522,17297,72817,25550,57354,8878,36435,11548,59168,8419,36382,14002
11110,2020,111815,12643,63082,34266,55579,6521,32894,15403,56236,6122,30188,18863
11110,2010,111286,14366,70528,26104,55748,7287,36117,12150,55538,7079,34411,13954
11110,2015,109801,13101,63975,31832,54907,6708,33032,14564,54894,6393,30943,17268
11201,2020,354571,36460,181655,89061,177480,18703,92689,40124,177091,17757,88966,48937
11201,2010,342670,44495,225121,71713,171590,22773,115282,32837,171080,21722,109839,38876
11201,2015,350745,44231,216977,87358,175559,22647,111979,39632,175186,21584,104998,47726
11202,2020,194415,21814,113744,57262,97087,11224,59350,25737,97328,10590,54394,31525
11202,2010,203180,25999,132451,44184,101430,13465,68159,19468,101750,12534,64292,24716
11202,2015,198742,23986,122319,52007,99169,12327,63350,23201,99573,11659,58969,28806
11203,2020,594274,72665,373347,137923,299238,37212,194020,61595,295036,35453,179327,76328
11203,2010,500598,67205,337456,94675,255780,34448,177110,43150,244818,32757,160346,51525
11203,2015,578112,74476,369270,129410,292067,38255,192270,58257,286045,36221,177000,71153
11206,2020,78617,8240,44778,25010,38736,4151,23104,11209,39881,4089,21674,13801
11206,2010,85786,10777,55733,19208,42563,5556,28578,8381,43223,5221,27155,10827
11206,2015,82113,9475,49541,22874,40635,4861,25349,10308,41478,4614,24192,12566
11207,2020,59674,6590,32459,20342,29068,3335,16610,8939,30606,3255,15849,11403
11207,2010,66955,8733,39877,18329,32514,4493,20207,7804,34441,4240,19670,10525
11207,2015,63555,7683,36321,19493,30902,3929,18470,8465,32653,3754,17851,11028
11208,2020,342464,33050,174266,87050,168197,16969,86788,38962,174267,16081,87478,48088
11208,2010,341924,43519,226796,70413,170598,22375,115205,32292,171326,21144,111591,38121
11208,2015,340386,39480,207941,85215,168205,20254,105177,38498,172181,19226,102764,46717
11209,2020,80361,8424,45590,25204,40294,4363,23587,11664,40067,4061,22003,13540
11209,2010,83549,9776,54281,19410,41622,5072,27880,8611,41927,4704,26401,10799
11209,2015,80715,8693,48820,22896,40564,4549,25284,10485,40151,4144,23536,12411
11210,2020,111623,12547,64960,33283,55982,6521,33591,15442,55641,6026,31369,17841
11210,2010,115002,14698,76263,23971,57241,7457,39119,10607,57761,7241,37144,13364
11210,2015,112229,13510,69647,28991,55828,6909,35610,13254,56401,6601,34037,15737
11211,2020,78569,8894,45696,22661,39216,4447,23856,10103,39353,4447,21840,12558
11211,2010,81889,10293,52199,18592,40757,5257,26901,8099,41132,5036,25298,10493
11211,2015,77881,9103,47028,20965,38622,4640,24227,9279,39259,4463,22801,11686
11212,2020,91791,10582,52871,25995,46187,5424,27444,12105,45604,5158,25427,13890
11212,2010,90099,10882,60809,18304,45746,5529,31667,8461,44353,5353,29142,9843
11212,2015,91437,10787,57064,23067,46131,5495,29563,10751,45306,5292,27501,12316
11214,2020,229792,21178,116707,68663,113467,10917,58934,30872,116325,10261,57773,37791
11214,2010,237171,29916,154855,52062,117798,15195,78061,24338,119373,14721,76794,27724
11214,2015,232709,26611,139656,64924,114813,13720,70557,29697,117896,12891,69099,35227
11215,2020,148699,15467,84070,47661,74178,7906,43670,21642,74521,7561,40400,26019
11215,2010,155727,18630,101639,35045,78637,9491,52603,16269,77090,9139,49036,18776
11215,2015,152405,17132,91010,43489,76580,8748,47220,20060,75825,8384,43790,23429
11216,2020,52862,5295,29391,15821,26142,2667,15110,7204,26720,2628,14281,8617
11216,2010,56204,7236,36208,12710,28010,3687,18691,5595,28194,3549,17517,7115
11216,2015,54874,6338,33261,14788,27069,3258,16954,6595,27805,3080,16307,8193
11217,2020,116828,13254,67954,34993,57673,6795,34434,16048,59155,6459,33520,18945
11217,2010,119639,15259,79367,24945,59152,7734,39961,11415,60487,7525,39406,13530
11217,2015,118072,14096,72869,30968,58346,7125,36917,14202,59726,6971,35952,16766
11218,2020,141268,16815,81390,40881,70200,8572,42073,18620,71068,8243,39317,22261
11218,2010,144618,19930,93614,30926,72146,10180,48083,13767,72472,9750,45531,17159
11218,2015,143811,18574,87536,37423,71594,9450,44923,17043,72217,9124,42613,20380
11219,2020,226940,25395,127746,61216,112288,13078,64559,27452,114652,12317,63187,33764
11219,2010,223926,31097,145640,46667,111784,15939,73755,21763,112142,15158,71885,24904
11219,2015,225196,28557,137664,57052,112157,14661,70106,26101,113039,13896,67558,30951
11221,2020,248304,29088,157501,61664,125213,14982,82508,27692,123091,14106,74993,33972
11221,2010,243855,33409,160509,46511,124553,17115,83773,21724,119302,16294,76736,24787
11221,2015,247034,30223,150966,57807,125225,15456,78687,26425,121809,14767,72279,31382
11222,2020,341621,43497,210444,87123,168747,22267,107119,38985,172874,21230,103325,48138
11222,2010,326313,44961,215931,64514,162374,22963,108925,29940,163939,21998,107006,34574
11222,2015,337498,44429,211577,80330,167023,22674,107228,36588,170475,21755,104349,43742
11223,2020,74283,7885,48527,17247,37470,4065,25434,7580,36813,3820,23093,9667
11223,2010,71502,7887,48615,14650,36394,4014,25799,6343,35108,3873,22816,8307
11223,2015,72260,7804,47699,16560,36737,4005,25237,7354,35523,3799,22462,9206
11224,2020,140899,20025,93035,23065,71388,10168,48316,10552,69511,9857,44719,12513
11224,2010,123079,18544,85749,17593,64080,9645,45573,8050,58999,8899,40176,9543
11224,2015,136150,19758,89730,21764,69674,10082,46766,9980,66476,9676,42964,11784
11225,2020,145651,16610,85174,42924,71803,8476,43264,19506,73848,8134,41910,23418
11225,2010,149872,20099,99547,30165,74107,10215,50051,13806,75765,9884,49496,16359
11225,2015,148390,18610,91488,38075,73408,9602,46240,17421,74982,9008,45248,20654
11226,2010,60908,8421,39106,13302,31028,4376,20596,6013,29880,4045,18510,7289
11227,2020,141083,19106,93817,27533,70696,9711,48307,12297,70387,9395,45510,15236
11227,2010,129691,18112,88207,21332,65503,9189,45383,9704,64188,8923,42824,11628
11227,2015,136299,18751,90480,25398,69971,9575,47256,11587,66328,9176,43224,13811
11228,2020,75346,9897,46217,18689,36945,5077,23397,8222,38401,4820,22820,10467
11228,2010,69611,9335,46712,13523,34877,4830,23716,6302,34734,4505,22996,7221
11228,2015,72676,9518,45526,17191,35998,4928,23042,7802,36678,4590,22484,9389
11229,2020,83989,11397,57416,15040,43138,5860,30409,6824,40851,5537,27007,8216
11229,2010,80745,11478,57533,11353,42150,5841,30996,5079,38595,5637,26537,6274
11229,2015,80826,11260,55944,13602,41763,5785,29811,6153,39063,5475,26133,7449
11230,2020,166017,20924,98647,42180,81781,10611,50543,18732,84236,10313,48104,23448
11230,2010,158777,21580,104229,32263,79416,10993,53168,14865,79361,10587,51061,17398
11230,2015,162122,21855,100397,39311,80627,11071,51431,17829,81495,10784,48966,21482
11231,2020,74748,8611,43586,22126,36950,4433,22221,10010,37798,4178,21365,12116
11231,2010,74711,9776,48235,16608,37053,5049,24256,7698,37658,4727,23979,8910
11231,2015,73936,9094,44710,20082,36567,4687,22639,9205,37369,4407,22071,10877
11232,2020,150582,16537,86097,46097,74607,8466,44137,21260,75975,8071,41960,24837
11232,2010,154310,19009,102955,32067,77175,9690,52378,14910,77135,9319,50577,17157
11232,2015,152311,17818,93672,40589,75993,9076,47859,18913,76318,8742,45813,21676
11233,2020,65201,6593,37112,21183,32214,3357,18900,9732,32987,3236,18212,11451
11233,2010,68888,8765,45079,15043,34181,4514,22561,7106,34707,4251,22518,7937
11233,2015,67409,7690,40610,19028,33320,3873,20565,8837,34089,3817,20045,10191
11234,2020,93363,11335,58742,21283,47995,5796,31557,9754,45368,5539,27185,11529
11234,2010,82977,11661,54987,16085,43096,6057,29122,7729,39881,5604,25865,8356
11234,2015,86717,11422,55106,19811,44812,5932,29315,9310,41905,5490,25791,10501
11235,2020,111859,13657,68450,27171,54871,6999,34307,12095,56988,6658,34143,15076
11235,2010,106736,14618,70348,21579,53134,7390,35712,9916,53602,7228,34636,11663
11235,2015,108102,13984,67166,25897,53312,7191,33850,11676,54790,6793,33316,14221
11237,2020,142145,18162,83860,38602,71486,9217,43426,17883,70659,8945,40434,20719
11237,2010,131415,17200,88480,25618,66747,8812,45463,12374,64668,8388,43017,13244
11237,2015,136521,17491,84593,34357,68950,8892,43708,16287,67571,8599,40885,18070
11238,2020,61499,6739,34826,19902,30468,3443,17941,9062,31031,3296,16885,10840
11238,2010,63309,7833,40510,14965,31545,4172,20394,6978,31764,3661,20116,7987
11238,2015,62380,7265,36750,18290,30975,3828,18707,8409,31405,3437,18043,9881
11239,2020,100275,11428,57702,29435,50041,5760,29940,13398,50234,5668,27762,16037
11239,2010,101700,13398,67077,20959,51155,6833,34194,9941,50545,6565,32883,11018
11239,2015,101679,12931,61664,26642,51307,6560,32042,12391,50372,6371,29622,14251
11240,2020,50066,4917,27131,17633,24979,2552,14094,8145,25087,2365,13037,9488
11240,2010,54012,6106,35227,12666,26924,3184,17804,5924,27088,2922,17423,6742
11240,2015,52524,5695,30872,15874,26133,2969,15723,7400,26391,2726,15149,8474
11241,2020,70117,7872,41523,20241,34585,3990,20967,9308,35532,3882,20556,10933
11241,2010,69990,9684,47536,12669,34950,4936,23798,6137,35040,4748,23738,6532
11241,2015,70255,8802,43641,17352,34976,4515,21990,8182,35279,4287,21651,9170
11242,2020,54571,6286,30041,17966,26953,3158,15339,8319,27618,3128,14702,9647
11242,2010,57473,7687,36890,12823,28548,3939,18511,6035,28925,3748,18379,6788
11242,2015,56520,7342,32816,16287,28069,3739,16631,7649,28451,3603,16185,8638
11243,2020,71979,10383,44153,17315,35800,5330,22486,7893,36179,5053,21667,9422
11243,2010,65298,10524,43450,11299,32579,5332,22006,5225,32719,5192,21444,6074
11243,2015,69738,10721,43839,15097,34955,5448,22409,7030,34783,5273,21430,8067
11245,2020,113597,14377,68512,29317,56085,7274,35152,12817,57512,7103,33360,16500
11245,2010,105695,14749,67996,22848,52640,7537,34753,10277,53055,7212,33243,12571
11245,2015,110970,15152,68532,27211,54910,7680,35157,12024,56060,7472,33375,15187
11246,2020,52214,6495,30722,14597,25764,3284,15665,6631,26450,3211,15057,7966
11246,2015,51535,6477,31790,13125,25540,3298,16183,5982,25995,3179,15607,7143
11301,2020,44841,6227,27222,10920,22539,3189,14157,4911,22302,3038,13065,6009
11301,2010,42494,7506,27740,7232,21567,3956,14129,3467,20927,3550,13611,3765
11301,2015,44442,7299,27303,9727,22354,3807,14014,4463,22088,3492,13289,5264
11324,2020,38434,4634,22185,11530,18949,2391,11395,5127,19485,2243,10790,6403
11324,2010,38706,5492,24297,8914,19161,2822,12283,4054,19545,2670,12014,4860
11324,2015,38456,5123,22432,10847,19009,2612,11434,4921,19447,2511,10998,5926
11326,2020,35366,2960,19956,11594,17534,1520,10289,5318,17832,1440,9667,6276
11326,2010,39054,4228,25893,8885,19568,2202,13181,4154,19486,2026,12712,4731
11326,2015,37275,3677,22713,10694,18659,1895,11711,4926,18616,1782,11002,5768
11327,2020,11029,933,6055,3984,5494,472,3123,1863,5535,461,2932,2121
11327,2010,12537,1447,7991,3097,6204,759,4092,1353,6333,688,3899,1744
11327,2015,11716,1169,6906,3633,5813,620,3512,1674,5903,549,3394,1959
11341,2020,19732,3063,11854,4611,10070,1559,6229,2168,9662,1504,5625,2443
11341,2010,17323,2665,11425,3191,8887,1395,6025,1435,8436,1270,5400,1756
11341,2015,18212,2899,11338,3929,9344,1483,6000,1829,8868,1416,5338,2100
11342,2020,17889,1665,10248,5868,8941,853,5344,2690,8948,812,4904,3178
11342,2010,18887,2187,12281,4414,9391,1120,6295,1972,9496,1067,5986,2442
11342,2015,18341,1894,10921,5405,9209,975,5686,2470,9132,919,5235,2935
11343,2020,28524,2287,15045,11093,14190,1163,7771,5199,14334,1124,7274,5894
11343,2010,32913,3303,21385,8221,16246,1729,10885,3629,16667,1574,10500,4592
11343,2015,31178,2817,18392,9908,15487,1458,9427,4543,15691,1359,8965,5365
11346,2020,19378,1804,10545,6970,9823,945,5532,3299,9555,859,5013,3671
11346,2010,22147,2640,14516,4988,11154,1343,7574,2235,10993,1297,6942,2753
11346,2015,20788,2223,12387,6169,10532,1165,6458,2903,10256,1058,5929,3266
11347,2020,18192,1526,10488,6146,9127,799,5394,2912,9065,727,5094,3234
11347,2010,21079,2412,14177,4482,10546,1225,7325,1988,10533,1187,6852,2494
11347,2015,19631,1863,12275,5471,9807,946,6349,2497,9824,917,5926,2974
11348,2020,13560,942,6383,6226,6556,449,3223,2878,7004,493,3160,3348
11348,2010,15305,1384,9604,4317,7503,720,4756,2027,7802,664,4848,2290
11348,2015,14338,1153,7599,5583,7002,602,3780,2618,7336,551,3819,2965
11349,2020,10540,880,5568,4092,5333,441,2960,1932,5207,439,2608,2160
11349,2010,12418,1249,7992,3176,6210,634,4154,1421,6208,615,3838,1755
11349,2015,11492,1017,6739,3734,5756,514,3511,1729,5736,503,3228,2005
11361,2020,7979,845,4403,2713,3966,419,2280,1256,4013,426,2123,1457
11361,2010,9039,1230,5433,2376,4467,637,2796,1034,4572,593,2637,1342
11361,2015,8519,1031,4886,2595,4205,509,2531,1159,4314,522,2355,1436
11362,2020,9302,936,4756,3578,4583,496,2436,1632,4719,440,2320,1946
11362,2010,10888,1321,6387,3179,5334,682,3284,1368,5554,639,3103,1811
11362,2015,10133,1144,5538,3442,4958,581,2845,1525,5175,563,2693,1917
11363,2020,6807,624,3481,2697,3321,318,1783,1217,3486,306,1698,1480
11363,2010,7908,959,4577,2372,3818,504,2281,1033,4090,455,2296,1339
11363,2015,7324,775,3984,2564,3559,419,2023,1116,3765,356,1961,1448
11365,2020,10928,1038,5624,4248,5382,529,2921,1922,5546,509,2703,2326
11365,2010,13436,1643,7849,3944,6571,859,4030,1682,6865,784,3819,2262
11365,2015,12117,1367,6712,4037,5938,712,3458,1767,6179,655,3254,2270
11369,2020,2709,173,1275,1261,1352,84,658,610,1357,89,617,651
11369,2010,3348,324,1963,1061,1653,175,1005,473,1695,149,958,588
11369,2015,2915,227,1643,1044,1474,117,852,505,1441,110,791,539
11381,2020,11039,1159,6121,3720,5540,594,3238,1681,5499,565,2883,2039
11381,2010,11605,1368,7371,2866,5800,721,3867,1212,5805,647,3504,1654
11381,2015,11207,1279,6592,3336,5593,656,3437,1500,5614,623,3155,1836
11383,2020,13359,1354,7480,4381,6755,691,3901,2073,6604,663,3579,2308
11383,2010,14470,1909,9372,3176,7233,982,4852,1393,7237,927,4520,1783
11383,2015,13730,1575,8253,3808,6968,811,4345,1743,6762,764,3908,2065
11385,2020,30343,3384,17011,8322,15012,1729,8580,3779,15331,1655,8431,4543
11385,2010,30998,4727,20428,5811,15352,2426,10333,2576,15646,2301,10095,3235
11385,2015,30565,4242,19034,7270,15090,2163,9666,3247,15475,2079,9368,4023
11408,2020,32374,3219,18169,10904,16053,1648,9413,4932,16321,1571,8756,5972
11408,2010,35774,4338,22766,8669,17725,2233,11647,3844,18049,2105,11119,4825
11408,2015,34081,3680,20339,9996,16929,1884,10455,4529,17152,1796,9884,5467
11442,2020,34147,3711,18897,10974,17182,1892,9949,5034,16965,1819,8948,5940
11442,2010,33641,3688,21684,8218,17275,1860,11451,3919,16366,1828,10233,4299
11442,2015,33705,3581,19920,10096,17138,1777,10603,4676,16567,1804,9317,5420
11445,2010,50272,6738,32892,10598,25039,3478,16692,4837,25233,3260,16200,5761
11464,2020,43845,4655,24567,14406,21927,2411,12728,6696,21918,2244,11839,7710
11464,2010,46923,6068,30499,10327,23572,3147,15510,4897,23351,2921,14989,5430
11464,2015,45495,5341,27097,12993,22798,2817,13819,6119,22697,2524,13278,6874
11465,2020,28266,3069,16785,8405,14208,1605,8711,3886,14058,1464,8074,4519
11465,2010,31153,4635,20309,6193,15622,2348,10413,2845,15531,2287,9896,3348
11465,2015,30061,3883,18400,7716,15072,2011,9495,3521,14989,1872,8905,4195
12000,2020,6284480,734496,3715691,1699991,3117987,376619,1905387,762793,3166493,357877,1810304,937198
12000,2010,6216289,799646,4009060,1320120,3098139,409583,2040885,597060,3118150,390063,1968175,723060
12000,2015,6222666,762112,3779812,1584419,3095860,390766,1930763,718312,3126806,371346,1849049,866107
12100,2020,974951,110929,569887,249963,481246,56863,289316,111731,493705,54066,280571,138232
12100,2010,961749,123972,606496,198850,480194,63481,305850,91955,481555,60491,300646,106895
12100,2015,971882,122062,597580,238213,482840,62311,303486,108536,489042,59751,294094,129677
12101,2020,211736,21828,120893,45674,105766,11280,61917,20292,105970,10548,58976,25382
12101,2010,199364,23198,126882,40845,100697,11905,65552,18272,98667,11293,61330,22573
12101,2015,205070,23938,134953,45880,102109,12145,69254,20502,102961,11793,65699,25378
12102,2020,177328,18670,104457,48978,87280,9576,53240,21736,90048,9094,51217,27242
12102,2010,180949,20910,111517,40274,90371,10762,56178,18765,90578,10148,55339,21509
12102,2015,179200,20692,108964,47695,89407,10653,55712,21947,89793,10039,53252,25748
12103,2020,160582,18578,92289,41775,80345,9430,47320,18690,80237,9148,44969,23085
12103,2010,157768,20201,102392,32215,78835,10379,51950,14757,78933,9822,50442,17458
12103,2015,160968,20103,97173,39085,80280,10229,49629,17729,80688,9874,47544,21356
12104,2020,146940,15618,82633,44694,73000,8067,43036,20137,73940,7551,39597,24557
12104,2010,151585,17871,90698,37665,76348,9310,46410,17511,75237,8561,44288,20154
12104,2015,151078,17218,84832,44079,76253,9009,43989,20168,74825,8209,40843,23911
12105,2020,129421,18132,79840,29730,63121,9287,39469,13507,66300,8845,40371,16223
12105,2010,121921,20151,79947,20995,60305,10161,39832,9661,61616,9990,40115,11334
12105,2015,126848,19763,80799,26169,62194,9995,40227,11888,64654,9768,40572,14281
12106,2020,148944,18103,89775,39112,71734,9223,44334,17369,77210,8880,45441,21743
12106,2010,150162,21641,95060,26856,73638,10964,45928,12989,76524,10677,49132,13867
12106,2015,148718,20348,90859,35305,72597,10280,44675,16302,76121,10068,46184,19003
12202,2020,58431,4470,31241,22053,28248,2251,16097,9483,30183,2219,15144,12570
12202,2010,70210,7118,42813,20194,33820,3625,21862,8267,36390,3493,20951,11927
12202,2015,64415,5780,36797,21627,31005,2969,18842,9069,33410,2811,17955,12558
12203,2020,496676,57265,323110,103359,251351,29323,168695,45560,245325,27942,154415,57799
12203,2010,473919,54439,310379,86320,239222,27630,159451,39084,234697,26809,150928,47236
12203,2015,481732,49931,284939,104735,242652,25515,145500,48042,239080,24416,139439,56693
12204,2020,642907,80576,396514,152773,318860,41408,203988,67299,324047,39168,192526,85474
12204,2010,609040,82370,404234,118833,306399,42408,207963,54017,302641,39962,196271,64816
12204,2015,622890,82258,391731,142446,311358,42346,201753,63907,311532,39912,189978,78539
12205,2020,45153,4121,21071,17734,21846,2172,10657,7706,23307,1949,10414,10028
12205,2010,49290,5861,27943,15475,23574,3045,14065,6456,25716,2816,13878,9019
12205,2015,47464,5205,24640,17486,22775,2701,12386,7589,24689,2504,12254,9897
12206,2020,136166,17144,79146,37370,68450,8782,41564,16818,67716,8362,37582,20552
12206,2010,129312,17462,82458,29069,65242,8947,42853,13180,64070,8515,39605,15889
12206,2015,134141,17688,80841,34730,67450,9058,42257,15640,66691,8630,38584,19090
12207,2020,498232,56850,305487,127595,247210,29204,156709,56220,251022,27646,148778,71375
12207,2010,484457,58921,310363,100597,240674,30095,156564,45810,243783,28826,153799,54787
12207,2015,483480,56055,296656,121666,240928,28663,151284,55317,242552,27392,145372,66349
12208,2020,152638,17426,86231,47051,76195,8984,44995,21315,76443,8442,41236,25736
12208,2010,155491,20405,100680,34020,77963,10540,51596,15621,77528,9865,49084,18399
12208,2015,153583,19075,91030,42678,76541,9813,46761,19608,77042,9262,44269,23070
12210,2020,86782,8635,47894,28774,42643,4430,24401,13077,44139,4205,23493,15697
12210,2010,93015,11174,58833,22490,45913,5730,29747,10057,47102,5444,29086,12433
12210,2015,89688,9596,51480,26767,44170,4843,26092,12096,45518,4753,25388,14671
12211,2020,132906,16794,81731,31352,66231,8639,41602,14274,66675,8155,40129,17078
12211,2010,128933,18127,87111,22674,64852,9397,44978,9892,64081,8730,42133,12782
12211,2015,131190,18347,83806,27531,65928,9493,43164,12361,65262,8854,40642,15170
12212,2020,168743,18589,94196,55000,82421,9613,47217,25157,86322,8976,46979,29843
12212,2010,172183,21454,112223,38498,84246,11031,55220,17991,87937,10423,57003,20507
12212,2015,172739,20505,102334,49464,84434,10641,50655,22961,88305,9864,51679,26503
12213,2020,58219,6040,33761,17163,29251,3077,17538,7896,28968,2963,16223,9267
12213,2010,61751,7606,41079,12810,30752,3907,21089,5606,30999,3699,19990,7204
12213,2015,60652,6847,37906,15418,30219,3503,19451,6953,30433,3344,18455,8465
12215,2020,63745,7170,36134,19843,31379,3646,18635,8710,32366,3524,17499,11133
12215,2010,69058,8890,43499,16630,33735,4533,22384,6784,35323,4357,21115,9846
12215,2015,66586,8119,39616,18706,32625,4157,20381,7999,33961,3962,19235,10707
12216,2020,176197,22186,111019,40483,87882,11318,57522,17746,88315,10868,53497,22737
12216,2010,164530,22675,110339,31488,83184,11648,57301,14215,81346,11027,53038,17273
12216,2015,167909,22309,107781,37455,84323,11384,56052,16647,83586,10925,51729,20808
12217,2020,426468,53333,251739,110212,210824,27178,127936,49184,215644,26155,123803,61028
12217,2010,404012,54571,267374,80129,201045,27970,135258,36700,202967,26601,132116,43429
12217,2015,413954,52766,255018,99189,205971,26941,129752,44996,207983,25825,125266,54193
12218,2020,16927,1145,8357,7290,8704,581,4796,3215,8223,564,3561,4075
12218,2010,20788,1762,12250,6775,10639,881,6905,2853,10149,881,5345,3922
12218,2015,19248,1419,10555,7265,9946,697,6092,3152,9302,722,4463,4113
12219,2020,269524,30046,154641,78661,138438,15460,82219,36924,131086,14586,72422,41737
12219,2010,280416,35751,183749,58635,143338,18225,96443,27286,137078,17526,87306,31349
12219,2015,274656,32976,167270,70814,141134,16911,88619,33191,133522,16065,78651,37623
12220,2020,199849,31172,118860,46047,98431,15894,59995,20640,101418,15278,58865,25407
12220,2010,163984,22112,107576,33808,81721,11238,54464,15649,82263,10874,53112,18159
12220,2015,174373,24745,106813,41953,86249,12591,54013,19128,88124,12154,52800,22825
12221,2020,199498,25580,122780,50490,97920,13162,61930,22415,101578,12418,60850,28075
12221,2010,189781,28994,122317,38465,93688,14817,61098,17769,96093,14177,61219,20696
12221,2015,193152,27283,118963,46873,95224,13970,60027,21203,97928,13313,58936,25670
12222,2020,130510,14296,74457,39879,63546,7358,37732,17638,66964,6938,36725,22241
12222,2010,134017,16718,81590,31271,65732,8607,40305,14468,68285,8111,41285,16803
12222,2015,131606,16072,77445,37579,64614,8315,38933,17051,66992,7757,38512,20528
12223,2020,32116,2991,16205,12375,15224,1561,7852,5509,16892,1430,8353,6866
12223,2010,35766,3929,20221,11567,16898,2060,9867,4940,18868,1869,10354,6627
12223,2015,33932,3524,17985,12295,16079,1856,8724,5438,17853,1668,9261,6857
12224,2020,109932,12558,63683,31488,53592,6354,32360,13988,56340,6204,31323,17500
12224,2010,107853,14258,69462,23703,53178,7163,34773,11008,54675,7095,34689,12695
12224,2015,108917,13793,65442,29115,53490,7035,32901,13304,55427,6758,32541,15811
12225,2020,82206,8427,45829,26366,41928,4347,24783,11805,40278,4080,21046,14561
12225,2010,89168,11005,56814,21219,45325,5755,30170,9278,43843,5250,26644,11941
12225,2015,86033,9845,51359,24339,43622,5156,27356,10795,42411,4689,24003,13544
12226,2020,42465,3665,21976,16118,21529,1908,11946,7310,20936,1757,10030,8808
12226,2010,48073,5009,29028,13974,24130,2609,15376,6088,23943,2400,13652,7886
12226,2015,45601,4271,25510,15684,22975,2221,13678,6981,22626,2050,11832,8703
12227,2020,171362,21564,116855,29971,83506,11055,56964,13692,87856,10509,59891,16279
12227,2010,164877,26929,118402,19290,82177,13565,59407,9006,82700,13364,58995,10284
12227,2015,164024,23336,113576,25836,81057,11952,56279,12040,82967,11384,57297,13796
12228,2020,93576,12477,53027,27066,46347,6536,27166,12240,47229,5941,25861,14826
12228,2010,86726,11833,54781,20093,43033,6163,27147,9709,43693,5670,27634,10384
12228,2015,89245,11888,51765,24975,44077,6198,26017,11543,45168,5690,25748,13432
12229,2020,63883,8622,37221,17057,32214,4340,19369,7929,31669,4282,17852,9128
12229,2010,60355,8421,39688,12157,30502,4374,20497,5572,29853,4047,19191,6585
12229,2015,60952,8253,37334,15143,30660,4234,19266,7016,30292,4019,18068,8127
12230,2020,67455,6273,39431,20912,34113,3204,20643,9858,33342,3069,18788,11054
12230,2010,73212,9526,49239,14447,36644,4873,25207,6564,36568,4653,24032,7883
12230,2015,70734,7778,44540,18124,35598,3972,22960,8509,35136,3806,21580,9615
12231,2020,102609,16789,61663,23698,50574,8527,30461,11293,52035,8262,31202,12405
12231,2010,88176,12802,61063,14193,43566,6573,30592,6339,44610,6229,30471,7854
12231,2015,92670,13825,59599,18943,45744,7058,29665,8826,46926,6767,29934,10117
12232,2020,62441,8616,36076,17101,30916,4376,18313,7891,31525,4240,17763,9210
12232,2010,60345,9575,39855,10825,29943,4882,19913,5104,30402,4693,19942,5721
12232,2015,61674,9634,37404,14381,30654,4920,18751,6814,31020,4714,18653,7567
12233,2020,49735,5381,29894,14035,25303,2766,15562,6716,24432,2615,14332,7319
12233,2010,51087,6438,35212,9160,26052,3244,18297,4318,25035,3194,16915,4842
12233,2015,49636,5888,31213,12161,25182,2988,16142,5839,24454,2900,15071,6322
12234,2020,35831,3001,15867,16895,17011,1482,8053,7435,18820,1519,7814,9460
12234,2010,42104,4107,22206,15784,19838,2097,11145,6590,22266,2010,11061,9194
12234,2015,39033,3608,18585,16826,18549,1846,9406,7285,20484,1762,9179,9541
12235,2020,35040,3471,18984,12581,17251,1802,9883,5562,17789,1669,9101,7019
12235,2010,39814,4632,24177,10952,19474,2368,12535,4533,20340,2264,11642,6419
12235,2015,37261,4114,21180,11873,18178,2081,10970,5065,19083,2033,10210,6808
12236,2020,72356,6637,38325,26659,35626,3440,20003,11857,36730,3197,18322,14802
12236,2010,82866,9457,50131,23178,40592,4846,25874,9797,42274,4611,24257,13381
12236,2015,77499,7992,43739,25544,38103,4155,22646,11187,39396,3837,21093,14357
12237,2020,48444,4321,26518,17329,24200,2268,13761,7993,24244,2053,12757,9336
12237,2010,56089,6469,35086,14177,27676,3368,17982,6111,28413,3101,17104,8066
12237,2015,52222,5214,30788,16121,25889,2734,15874,7210,26333,2480,14914,8911
12238,2020,35544,3162,17316,15065,17362,1657,8917,6787,18182,1505,8399,8278
12238,2010,40962,4224,23127,13598,19831,2200,11725,5898,21131,2024,11402,7700
12238,2015,38594,3691,20186,14679,18719,1930,10286,6486,19875,1761,9900,8193
12239,2020,48129,5090,26858,15770,23549,2563,13446,7285,24580,2527,13412,8485
12239,2015,49184,5637,29451,13912,24250,2873,14789,6473,24934,2764,14662,7439
12322,2020,20745,2009,11533,6810,10155,995,5894,3098,10590,1014,5639,3712
12322,2010,21234,2706,13851,4618,10626,1370,7030,2197,10608,1336,6821,2421
12322,2015,20955,2476,12363,5970,10327,1269,6217,2785,10628,1207,6146,3185
12329,2020,20127,1645,10633,7840,9869,811,5380,3672,10258,834,5253,4168
12329,2010,22580,2227,15403,4950,10971,1105,7632,2234,11609,1122,7771,2716
12329,2015,21228,1927,12834,6400,10338,948,6329,3006,10890,979,6505,3394
12342,2020,5816,506,3227,2011,2938,255,1738,912,2878,251,1489,1099
12342,2010,6454,768,3905,1781,3226,395,2055,776,3228,373,1850,1005
12342,2015,6133,600,3579,1954,3086,333,1886,867,3047,267,1693,1087
12347,2020,13735,1242,7279,5097,6941,620,3911,2328,6794,622,3368,2769
12347,2010,16002,1673,9591,4730,7948,889,5066,1987,8054,784,4525,2743
12347,2015,14724,1384,8372,4936,7337,701,4457,2152,7387,683,3915,2784
12349,2020,13228,1254,6748,5187,6575,664,3557,2328,6653,590,3191,2859
12349,2010,15154,1729,9132,4290,7443,878,4709,1853,7711,851,4423,2437
12349,2015,14152,1456,7857,4831,6984,735,4100,2142,7168,721,3757,2689
12402,2010,50113,6341,32266,11454,24626,3212,16240,5136,25487,3129,16026,6318
12403,2020,14639,1111,7499,5920,7203,578,3911,2645,7436,533,3588,3275
12403,2010,18004,1842,11075,5065,8691,917,5692,2067,9313,925,5383,2998
12403,2015,16510,1487,9190,5783,8039,783,4727,2493,8471,704,4463,3290
12409,2020,7033,605,3778,2629,3474,304,1982,1173,3559,301,1796,1456
12409,2010,7920,925,4774,2213,3887,459,2475,948,4033,466,2299,1265
12409,2015,7431,776,4221,2431,3650,394,2215,1039,3781,382,2006,1392
12410,2020,22075,2224,11549,8295,10767,1177,5889,3698,11308,1047,5660,4597
12410,2010,24675,2952,14614,7091,12002,1583,7350,3057,12673,1369,7264,4034
12410,2015,23762,2556,13062,8000,11586,1361,6612,3528,12176,1195,6450,4472
12421,2020,11897,1443,6378,3890,5824,765,3229,1708,6073,678,3149,2182
12421,2010,12034,1516,7188,3305,5888,806,3643,1415,6146,710,3545,1890
12421,2015,11767,1519,6527,3703,5716,797,3279,1626,6051,722,3248,2077
12422,2020,6760,664,3250,2843,3259,342,1641,1273,3501,322,1609,1570
12422,2010,7340,695,4310,2335,3475,328,2150,997,3865,367,2160,1338
12422,2015,7222,703,3826,2693,3439,345,1905,1189,3783,358,1921,1504
12423,2020,13803,1275,7786,4740,6801,659,3981,2159,7002,616,3805,2581
12423,2010,14752,1873,9025,3854,7241,969,4593,1679,7511,904,4432,2175
12423,2015,14359,1579,8360,4419,7057,808,4264,1985,7302,771,4096,2434
12424,2020,10305,944,5176,4162,5115,490,2653,1956,5190,454,2523,2206
12424,2010,12151,1205,7315,3630,5944,632,3721,1591,6207,573,3594,2039
12424,2015,11149,1034,6033,4077,5513,550,3092,1867,5636,484,2941,2210
12426,2020,6721,492,3264,2960,3295,260,1700,1331,3426,232,1564,1629
12426,2010,8035,819,4793,2423,3946,427,2495,1024,4089,392,2298,1399
12426,2015,7337,617,3974,2746,3588,326,2049,1213,3749,291,1925,1533
12427,2020,7198,515,3468,3215,3527,274,1796,1457,3671,241,1672,1758
12427,2010,9073,793,5323,2957,4375,407,2718,1250,4698,386,2605,1707
12427,2015,8206,645,4472,3088,4004,333,2291,1379,4202,312,2181,1709
12441,2020,8885,771,4213,3883,4307,392,2146,1756,4578,379,2067,2127
12441,2010,10671,1084,5982,3605,5148,538,3076,1534,5523,546,2906,2071
12441,2015,9843,862,5087,3872,4708,431,2563,1700,5135,431,2524,2172
12443,2020,6874,465,2817,3570,3260,225,1393,1628,3614,240,1424,1942
12443,2010,7738,655,3941,3142,3635,330,1944,1361,4103,325,1997,1781
12443,2015,7315,516,3318,3478,3439,264,1619,1555,3876,252,1699,1923
12463,2020,6993,519,3109,3361,3356,279,1560,1513,3637,240,1549,1848
12463,2010,8950,847,4774,3329,4275,443,2393,1439,4675,404,2381,1890
12463,2015,8022,646,3880,3492,3837,357,1948,1529,4185,289,1932,1963
13000,2020,14047594,1566840,8944193,3107822,6898388,801834,4523724,1345871,7149206,765006,4420469,1761951
13000,2010,13159388,1477371,8850225,2642231,6512110,755778,4521231,1131503,6647278,721593,4328994,1510728
13000,2015,13515271,1518130,8734155,3005516,6666690,776017,4448525,1301249,6848581,742113,4285630,1704267
13100,2020,9733276,1059831,6326082,2028506,4774402,541541,3189246,874211,4958874,518290,3136836,1154295
13100,2010,8945695,946290,6061805,1771978,4412050,483709,3088710,750146,4533645,462581,2973095,1021832
13100,2015,9272740,1002130,6088409,1997870,4567247,511565,3093638,860523,4705493,490565,2994771,1137347
13101,2020,66680,8976,46517,10852,33637,4588,24136,4665,33043,4388,22381,6187
13101,2010,47115,5055,32950,9028,23394,2532,17088,3710,23721,2523,15862,5318
13101,2015,58406,6698,39564,10286,29343,3372,20567,4296,29063,3326,18997,5990
13102,2020,169179,23086,121217,24683,80931,11669,58810,10353,88248,11417,62407,14330
13102,2010,122762,12936,90310,19503,59046,6606,44518,7910,63716,6330,45792,11593
13102,2015,141183,16798,101311,22694,67536,8496,49478,9339,73647,8302,51833,13355
13103,2020,260486,34714,174886,42546,123410,17733,83880,17325,137076,16981,91006,25221
13103,2010,205131,22938,145091,34823,96025,11679,69381,13827,109106,11259,75710,20996
13103,2015,243283,30012,170255,42694,114717,15146,82089,17265,128566,14866,88166,25429
13104,2020,349385,29202,223593,63185,174822,14761,114521,27132,174563,14441,109072,36053
13104,2010,326309,25000,232181,60872,161921,12767,119661,25024,164388,12233,112520,35848
13104,2015,333560,27060,232488,65274,167258,13873,120802,27606,166302,13187,111686,37668
13105,2020,240069,28065,152818,42020,115483,14269,74459,17512,124586,13796,78359,24508
13105,2010,206626,20159,143958,38280,98849,10228,71181,15440,107777,9931,72777,22840
13105,2015,219724,23478,146424,41946,105990,11806,72339,17472,113734,11672,74085,24474
13106,2020,211444,18648,142955,47510,108586,9551,75922,22080,102858,9097,67033,25430
13106,2010,175928,15067,117000,40720,92188,7538,63389,18714,83740,7529,53611,22006
13106,2015,198073,17601,131798,46590,101982,8991,70437,21462,96091,8610,61361,25128
13107,2020,272085,28028,183630,60108,134787,14365,93676,26500,137298,13663,89954,33608
13107,2010,247606,25829,168031,52777,123385,13201,86996,22617,124221,12628,81035,30160
13107,2015,256274,26607,169311,58196,127925,13631,87301,25511,128349,12976,82010,32685
13108,2020,524310,66472,341716,110002,258015,33996,173311,48178,266295,32476,168405,61824
13108,2010,460819,55555,317182,88073,228681,28365,162138,38172,232138,27190,155044,49901
13108,2015,498109,62350,327546,105036,246750,31995,166908,45974,251359,30355,160638,59062
13109,2020,422488,47036,272685,79532,208688,23838,138081,33927,213800,23198,134604,45605
13109,2010,365302,35993,254692,69850,180246,18454,129695,29105,185056,17539,124997,40745
13109,2015,386855,40415,256619,78247,191090,20572,130471,33469,195765,19843,126148,44778
13110,2020,288088,31547,196916,55811,135820,16182,94873,23133,152268,15365,102043,32678
13110,2010,268330,25719,185910,51608,125509,13117,88731,21002,142821,12602,97179,30606
13110,2015,277622,28671,191610,55198,130947,14678,92449,22680,146675,13993,99161,32518
13111,2020,748081,77231,475656,161855,372464,39408,243431,70939,375617,37823,232225,90916
13111,2010,693373,75456,471448,140120,347876,38593,245956,60032,345497,36863,225492,80088
13111,2015,717082,76485,469449,158190,359753,38968,244205,69130,357329,37517,225244,89060
13112,2020,943664,108940,638629,190042,445592,55950,307904,78845,498072,52990,330725,111197
13112,2010,877138,95732,617397,159857,419671,49250,302774,65332,457467,46482,314623,94525
13112,2015,903346,97019,573317,184512,428874,49475,277039,77886,474472,47544,296278,106626
13113,2020,243883,22984,154258,41261,117907,11651,75693,17025,125976,11333,78565,24236
13113,2010,204492,15417,142850,38660,97265,7775,69855,15570,107227,7642,72995,23090
13113,2015,224533,19156,148581,43899,107986,9757,73025,18217,116547,9399,75556,25682
13114,2020,344880,29123,231515,65878,172525,14850,121148,28075,172355,14273,110367,37803
13114,2010,314750,23205,224154,61567,157204,11912,116563,25359,157546,11293,107591,36208
13114,2015,328215,26531,223586,67709,165382,13562,117327,28705,162833,12969,106259,39004
13115,2020,591108,58944,380639,117072,284301,30083,186108,49081,306807,28861,194531,67991
13115,2010,549569,40863,323567,109199,263837,20785,158264,45848,285732,20078,165303,63351
13115,2015,563997,54535,370649,124460,271737,27817,182397,53219,292260,26718,188252,71241
13116,2020,301599,26489,211034,58539,151020,13465,109537,25291,150579,13024,101497,33248
13116,2010,284678,22225,204120,54048,143806,11256,107625,22343,140872,10969,96495,31705
13116,2015,291167,23828,205853,57418,146827,12001,108292,24471,144340,11827,97561,32947
13117,2020,355213,36527,229948,87381,176289,18658,119167,37587,178924,17869,110781,49794
13117,2010,335544,31200,220646,79520,166104,15998,114824,33092,169440,15202,105822,46428
13117,2015,341076,33535,216612,86840,169829,17147,112859,37273,171247,16388,103753,49567
13118,2020,217475,24470,141156,50411,107683,12428,72237,22315,109792,12042,68919,28096
13118,2010,203296,22073,134122,43680,100801,11258,68832,18840,102495,10815,65290,24840
13118,2015,212264,23588,137510,48930,105113,12017,70525,21572,107151,11571,66985,27358
13119,2020,584483,60014,367976,132602,286179,30821,184716,57258,298304,29193,183260,75344
13119,2010,535824,55731,356417,111800,265665,28475,182484,47842,270159,27256,173933,63958
13119,2015,561916,59238,361101,128058,276592,30439,183737,55085,285324,28799,177364,72973
13120,2020,752608,85920,478648,159298,361770,43973,236655,68154,390838,41947,241993,91144
13120,2010,716124,87257,488098,137625,350647,44767,245933,58375,365477,42490,242165,79250
13120,2015,721722,86105,472513,158290,351609,44327,236938,67772,370113,41778,235575,90518
13121,2020,695043,75589,424335,170261,347408,38692,219784,74792,347635,36897,204551,95469
13121,2010,683426,83948,444696,151167,344195,43114,232518,66214,339231,40834,212178,84953
13121,2015,670122,79365,416200,165151,334922,40458,216103,72573,335200,38907,200097,92578
13122,2020,453093,51556,285968,111893,225758,26487,148207,49424,227335,25069,137761,62469
13122,2010,442586,53493,291627,97391,222034,27519,152642,41823,220552,25974,138985,55568
13122,2015,442913,52325,281456,109059,221621,26954,146907,47718,221292,25371,134549,61341
13123,2020,697932,86270,449387,145764,351327,44123,232990,64620,346605,42147,216397,81144
13123,2010,678967,95439,455358,121810,343701,48520,237662,53955,335266,46919,217696,67855
13123,2015,681298,90730,444656,139193,343464,46083,231443,61828,337834,44647,213213,77365
13201,2020,579355,62867,344893,153504,291307,32420,179495,68640,288048,30447,165398,84864
13201,2010,580053,72084,383213,119429,293462,36884,199618,53747,286591,35200,183595,65682
13201,2015,577513,66908,355230,140909,291238,34314,185261,63333,286275,32594,169969,77576
13202,2020,183581,21828,115971,45524,91191,11219,60115,19759,92390,10609,55856,25765
13202,2010,179668,21278,118908,38153,89470,10876,61050,16852,90198,10402,57858,21301
13202,2015,176295,18749,101975,40378,86978,9527,52235,17580,89317,9222,49740,22798
13203,2020,150149,17232,95301,31725,71868,8872,46473,13327,78281,8360,48828,18398
13203,2010,138734,14416,96223,27082,66406,7459,47319,11127,72328,6957,48904,15955
13203,2015,144730,16237,95181,30819,69475,8352,46638,12977,75255,7885,48543,17842
13204,2020,195391,23468,123039,41623,94489,12098,61414,17721,100902,11370,61625,23902
13204,2010,186083,21557,129619,34741,91997,10927,66267,14687,94086,10630,63352,20054
13204,2015,186936,22255,122788,38962,90641,11428,61317,16560,96295,10827,61471,22402
13205,2020,133535,13763,76704,42492,66654,7073,40231,18985,66881,6690,36473,23507
13205,2010,139339,17992,88933,32250,69742,9287,46266,14058,69597,8705,42667,18192
13205,2015,137381,15906,82801,38660,68677,8170,43421,17078,68704,7736,39380,21582
13206,2020,262790,32986,165586,56764,131468,16961,86141,25099,131322,16025,79445,31665
13206,2010,255506,34066,173664,46351,131558,17595,92923,20215,123948,16471,80741,26136
13206,2015,260274,34287,169863,53564,132172,17591,89760,23591,128102,16696,80103,29973
13207,2020,113949,13780,68947,30003,56639,6979,35538,13373,57310,6801,33409,16630
13207,2010,112297,14527,74272,23213,56320,7419,38571,10113,55977,7108,35701,13100
13207,2015,111539,14011,69486,27445,55394,7071,35848,12116,56145,6940,33638,15329
13208,2020,242614,28754,153175,50414,117044,14630,76631,21430,125570,14124,76544,28984
13208,2010,223593,26805,152257,41996,110805,13745,77802,17824,112788,13060,74455,24172
13208,2015,229061,27647,151021,48182,111921,14045,76385,20512,117140,13602,74636,27670
13209,2020,431079,51174,253130,116470,210533,26206,127768,50596,220546,24968,125362,65874
13209,2010,426987,57862,274727,91999,209580,29610,137669,41058,217407,28252,137058,50941
13209,2015,432348,55649,262725,109460,212312,28699,132929,47802,220036,26950,129796,61658
13210,2020,126074,14879,80498,25591,61759,7653,40707,11065,64315,7226,39791,14526
13210,2010,118852,13362,82170,21955,59515,6897,42607,9232,59337,6465,39563,12723
13210,2015,121396,13787,81168,24246,60168,7075,41676,10339,61228,6712,39492,13907
13211,2020,198739,25072,121648,45060,97507,12968,61306,19436,101232,12104,60342,25624
13211,2010,187035,23774,124342,37384,92886,12303,63458,16239,94149,11471,60884,21145
13211,2015,190005,24118,122046,42139,93777,12442,62090,18194,96228,11676,59956,23945
13212,2020,190435,22894,115015,45652,94918,11730,59846,20035,95517,11164,55169,25617
13212,2010,180052,23162,118458,37270,91236,11779,62143,16603,88816,11383,56315,20667
13212,2015,186283,23438,116235,43709,93349,11919,60838,19249,92934,11519,55397,24460
13213,2020,151815,17720,90285,40749,73827,9135,45286,17524,77988,8585,44999,23225
13213,2010,153557,19793,98869,34325,75461,10136,50018,14992,78096,9657,48851,19333
13213,2015,149956,18482,91302,38211,73314,9518,46148,16498,76642,8964,45154,21713
13214,2020,129242,15082,81431,27184,62985,7796,41002,11696,66257,7286,40429,15488
13214,2010,120650,14062,82677,22661,59967,7241,42176,9796,60683,6821,40501,12865
13214,2015,122742,14184,80666,25545,60274,7295,40988,10872,62468,6889,39678,14673
13215,2020,77130,8448,48511,17748,37515,4452,24068,7570,39615,3996,24443,10178
13215,2010,75510,9049,51391,14336,37525,4697,26353,6009,37985,4352,25038,8327
13215,2015,73655,8525,48729,16238,35970,4450,24529,6926,37685,4075,24200,9312
13218,2020,56414,5692,34800,15153,28023,2905,18122,6696,28391,2787,16678,8457
13218,2010,59796,7120,40194,12207,29986,3646,20958,5226,29810,3474,19236,6981
13218,2015,58395,5016,31693,13577,29238,2541,16576,5882,29157,2475,15117,7695
13219,2020,84772,9736,52699,19961,41043,5028,26208,8461,43729,4708,26491,11500
13219,2010,78751,8489,52461,16996,38825,4330,26763,7226,39926,4159,25698,9770
13219,2015,80249,8886,50879,18984,39206,4557,25657,8095,41043,4329,25222,10889
13220,2020,83901,10661,50007,22923,41034,5381,25368,10157,42867,5280,24639,12766
13220,2010,83068,11624,53220,18058,41070,5874,26982,8113,41998,5750,26238,9945
13220,2015,85157,11438,51694,21443,41820,5795,26242,9507,43337,5643,25452,11936
13221,2020,76208,8710,44106,21482,36550,4425,21880,9124,39658,4285,22226,12358
13221,2010,74104,9501,45968,18375,35595,4889,22716,7850,38509,4612,23252,10525
13221,2015,74864,9288,44083,20624,35968,4788,21828,8788,38896,4500,22255,11836
13222,2020,115271,13735,67397,32745,55647,6997,33960,14126,59624,6738,33437,18619
13222,2010,116546,14942,74004,27289,57613,7717,37518,12169,58933,7225,36486,15120
13222,2015,116632,14400,70159,31095,56738,7401,35386,13536,59894,6999,34773,17559
13223,2020,70829,9375,41663,18847,35260,4804,21463,8435,35569,4571,20200,10412
13223,2010,70053,10877,44578,14593,34944,5457,22928,6554,35109,5420,21650,8039
13223,2015,71229,10361,42790,17567,35556,5262,22146,7825,35673,5099,20644,9742
13224,2020,146951,16577,87607,42582,71611,8425,44358,18734,75340,8152,43249,23848
13224,2010,147648,17734,98996,30907,73083,9006,50052,14020,74565,8728,48944,16887
13224,2015,146631,17296,90167,38786,71762,8816,45364,17388,74869,8480,44803,21398
13225,2020,93151,13130,58186,20087,46879,6804,29916,9072,46272,6326,28270,11015
13225,2010,84835,12954,56784,14660,43285,6642,29510,6699,41550,6312,27274,7961
13225,2015,87636,12980,55815,18113,44041,6639,28747,8175,43595,6341,27068,9938
13227,2020,54326,6531,32849,14728,27471,3376,17369,6569,26855,3155,15480,8159
13227,2010,57032,8048,37677,11133,29161,4021,20006,5011,27871,4027,17671,6122
13227,2015,55833,7264,35020,13399,28451,3677,18628,6059,27382,3587,16392,7340
13228,2020,79292,9235,43149,23792,39230,4718,22082,10799,40062,4517,21067,12993
13228,2010,80868,11365,50131,19199,40386,5882,25621,8770,40482,5483,24510,10429
13228,2015,80954,10744,47172,22565,40218,5549,24121,10334,40736,5195,23051,12231
13229,2020,207388,24707,128947,48446,100992,12558,64704,20596,106396,12149,64243,27850
13229,2010,196511,24117,132419,39972,96437,12344,67233,16859,100074,11773,65186,23113
13229,2015,200012,24180,127840,45992,97830,12357,64680,19527,102182,11823,63160,26465
13303,2020,31765,3443,18609,9517,15992,1761,9789,4330,15773,1682,8820,5187
13303,2010,33497,4650,21736,7067,16945,2373,11313,3238,16552,2277,10423,3829
13303,2015,33445,4105,20434,8702,16951,2105,10739,3981,16494,2000,9695,4721
13305,2020,16958,2235,8095,6538,8267,1157,4245,2809,8691,1078,3850,3729
13305,2010,16650,1959,9816,4875,8200,996,5077,2127,8450,963,4739,2748
13305,2015,17446,2200,8712,6167,8485,1135,4505,2644,8961,1065,4207,3523
13307,2020,2003,131,806,1058,983,71,451,455,1020,60,355,603
13307,2010,2558,184,1264,1110,1241,89,716,436,1317,95,548,674
13307,2015,2209,153,1016,1040,1081,76,570,435,1128,77,446,605
13308,2020,4750,337,1998,2410,2389,191,1130,1066,2361,146,868,1344
13308,2010,6045,422,3125,2498,2934,233,1687,1014,3111,189,1438,1484
13308,2015,5234,335,2375,2522,2579,179,1319,1081,2655,156,1056,1441
13361,2020,7102,710,3679,2713,3667,372,2066,1229,3435,338,1613,1484
13361,2010,8461,989,4792,2680,4230,503,2604,1123,4231,486,2188,1557
13361,2015,7884,873,4220,2791,4031,458,2372,1201,3853,415,1848,1590
13362,2020,327,50,197,80,197,28,126,43,130,22,71,37
13362,2010,341,46,225,69,205,28,148,28,136,18,77,41
13362,2015,337,54,205,78,191,29,123,39,146,25,82,39
13363,2020,2441,272,1202,967,1204,128,647,429,1237,144,555,538
13363,2010,2883,333,1556,994,1395,170,807,418,1488,163,749,576
13363,2015,2749,316,1403,1030,1344,149,749,446,1405,167,654,584
13364,2020,1855,274,994,587,952,144,535,273,903,130,459,314
13364,2010,1889,277,1094,518,949,142,581,226,940,135,513,292
13364,2015,1891,286,1080,525,969,148,581,240,922,138,499,285
13381,2020,2273,225,1151,894,1269,123,703,441,1004,102,448,453
13381,2010,2676,188,1536,940,1490,98,975,405,1186,90,561,535
13381,2015,2482,215,1319,948,1350,128,790,432,1132,87,529,516
13382,2020,323,60,205,58,181,36,114,31,142,24,91,27
13382,2010,348,61,239,48,187,35,126,26,161,26,113,22
13382,2015,335,57,219,59,189,37,122,30,146,20,97,29
13401,2020,7042,799,3415,2801,3534,426,1825,1262,3508,373,1590,1539
13401,2010,8231,957,4629,2643,4089,493,2486,1108,4142,464,2143,1535
13401,2015,7613,898,3915,2765,3785,475,2079,1210,3828,423,1836,1555
13402,2020,169,21,117,31,102,12,69,21,67,9,48,10
13402,2010,201,35,144,21,128,20,95,12,73,15,49,9
13402,2015,178,24,130,24,107,11,80,16,71,13,50,8
13421,2020,2929,416,2099,413,1805,231,1327,246,1124,185,772,167
13421,2010,2785,420,2109,256,1752,226,1379,147,1033,194,730,109
13421,2015,3022,448,2190,383,1893,244,1420,228,1129,204,770,155
14000,2020,9237337,1085763,5628918,2308578,4588268,556579,2890461,1025663,4649069,529184,2738457,1282915
14000,2010,9048331,1187743,5988857,1819503,4544545,607606,3091412,812966,4503786,580137,2897445,1006537
14000,2015,9126214,1140748,5744383,2158157,4558978,583535,2961819,964254,4567236,557213,2782564,1193903
14100,2020,3777491,441810,2316309,920583,1867305,226591,1179199,407795,1910186,215219,1137110,512788
14100,2010,3688773,486262,2440385,736216,1849767,248582,1255459,328319,1839006,237680,1184926,407897
14100,2015,3724844,468535,2368291,865490,1855985,239953,1214915,386000,1868859,228582,1153376,479490
14101,2020,297437,36803,190307,61321,153438,18951,101309,27851,143999,17852,88998,33470
14101,2010,272178,35494,185528,49012,141537,18120,100031,21904,130641,17374,85497,27108
14101,2015,285356,37270,187939,57955,147650,19047,100744,26349,137706,18223,87195,31606
14102,2020,247267,26954,158506,52276,126011,13742,82948,23021,121256,13212,75558,29255
14102,2010,233429,26707,160983,43918,119048,13669,85426,18847,114381,13038,75557,25071
14102,2015,238966,27176,159126,50314,121769,13849,84274,22128,117197,13327,74852,28186
14103,2020,104935,11437,70904,19860,53091,5814,36702,8715,51844,5623,34202,11145
14103,2010,94867,9845,66286,17513,48202,5007,34898,7342,46665,4838,31388,10171
14103,2015,98532,10629,67599,19291,49850,5422,35371,8332,48682,5207,32228,10959
14104,2020,151388,14687,92756,34057,77135,7562,48006,16967,74253,7125,44750,17090
14104,2010,146033,15174,93903,29346,77082,7791,50461,14371,68951,7383,43442,14975
14104,2015,148312,15460,96165,33794,78087,7928,51054,17034,70225,7532,45111,16760
14105,2020,198157,19082,120735,52098,98939,9791,61994,23517,99218,9291,58741,28581
14105,2010,196153,21566,128769,44395,97788,10989,66536,19439,98365,10577,62233,24956
14105,2015,194827,20337,122846,50159,97006,10355,63270,22456,97821,9982,59576,27703
14106,2020,207811,22010,125592,53928,101940,11298,64670,23173,105871,10712,60922,30755
14106,2010,206634,25126,134744,45656,103409,12785,70009,19742,103225,12341,64735,25914
14106,2015,205493,23214,128870,51881,102381,11920,66958,22399,103112,11294,61912,29482
14107,2020,166731,18866,95645,45053,82061,9699,48545,19662,84670,9167,47100,25391
14107,2010,163237,19543,105578,37478,80615,9910,53963,16267,82622,9633,51615,21211
14107,2015,166229,19873,101708,43671,81827,10250,51908,19003,84402,9623,49800,24668
14108,2020,198939,21575,114166,58735,97016,11007,57693,26325,101923,10568,56473,32410
14108,2010,209274,26612,135992,45550,103351,13669,68534,20517,105923,12943,67458,25033
14108,2015,202229,24029,123263,53953,99167,12256,62040,24394,103062,11773,61223,29559
14109,2020,358530,43403,233947,68932,179150,22312,119555,30264,179380,21091,114392,38668
14109,2010,329471,40973,231711,54557,168058,20705,121705,23908,161413,20268,110006,30649
14109,2015,344172,42394,234642,64716,174460,21634,122476,28551,169712,20760,112166,36165
14110,2020,283709,36456,169787,72489,138309,18524,85721,31839,145400,17932,84066,40650
14110,2010,274324,39337,179316,55080,136675,20180,91186,24874,137649,19157,88130,30206
14110,2015,275283,37555,170473,66128,135271,19135,86034,29472,140012,18420,84439,36656
14111,2020,215248,23477,126300,61517,105015,12066,63577,26963,110233,11411,62723,34554
14111,2010,221411,28400,143845,49132,110026,14548,73059,22386,111385,13852,70786,26746
14111,2015,215736,25814,131924,57373,106126,13205,66855,25583,109610,12609,65069,31790
14112,2020,245174,27724,140995,72746,118260,14134,71046,31606,126914,13590,69949,41140
14112,2010,251086,31934,157710,60847,123177,16323,79481,26914,127909,15611,78229,33933
14112,2015,247144,29898,147068,69546,120168,15323,74033,30478,126976,14575,73035,39068
14113,2020,183082,23051,112148,44623,90168,11872,56678,19574,92914,11179,55470,25049
14113,2010,177631,25869,117001,34523,88279,13155,59707,15239,89352,12714,57294,19284
14113,2015,180366,24634,113829,41055,89002,12605,57869,18025,91364,12029,55960,23030
14114,2020,122623,14176,71781,34579,59355,7236,36373,14937,63268,6940,35408,19642
14114,2010,126913,18329,79458,28868,62566,9413,40163,12812,64347,8916,39295,16056
14114,2015,124560,16525,74652,32972,60889,8361,37880,14415,63671,8164,36772,18557
14115,2020,120194,13460,67310,37447,58513,6954,33771,16545,61681,6506,33539,20902
14115,2010,124866,16530,77775,30287,61452,8557,38478,14217,63414,7973,39297,16070
14115,2015,122171,15301,70737,35684,59729,7906,35453,16120,62442,7395,35284,19564
14116,2020,152378,17792,88790,44188,73934,9214,44567,19539,78444,8578,44223,24649
14116,2010,155698,21716,98446,34994,76617,11131,49373,15786,79081,10585,49073,19208
14116,2015,154025,19730,92479,41430,75460,10228,46417,18538,78565,9502,46062,22892
14117,2020,310756,39002,197248,68106,150351,20017,96225,30223,160405,18985,101023,37883
14117,2010,304297,46505,209212,48278,150348,23735,104539,21868,153949,22770,104673,26410
14117,2015,309692,42772,204388,61127,151182,21921,101060,27290,158510,20851,103328,33837
14118,2020,213132,31855,139392,38628,104619,16398,69819,17074,108513,15457,69573,21554
14118,2010,201271,36602,134128,26782,101537,18895,67910,11886,99734,17707,66218,14896
14118,2015,211751,35924,140583,34441,105961,18608,71219,15433,105790,17316,69364,19008
14130,2020,1538262,189490,1001271,301151,775772,97260,519940,134157,762490,92230,481331,166994
14130,2010,1425512,185571,988540,237298,728525,95004,520203,105281,696987,90567,468337,132017
14130,2015,1475213,184135,972976,279482,749038,94166,508959,124552,726175,89969,464017,154930
14131,2020,232965,24813,147628,49709,125091,12774,82603,23500,107874,12039,65025,26209
14131,2010,217328,25380,146075,43138,115800,12911,81297,19859,101528,12469,64778,23279
14131,2015,223378,26255,146391,48348,119422,13415,81756,22676,103956,12840,64635,25672
14132,2020,171119,22919,109665,36643,86705,11754,58195,16071,84414,11165,51470,20572
14132,2010,154212,19378,103779,29601,78882,9836,55188,13012,75330,9542,48591,16589
14132,2015,160890,20507,101443,34886,81231,10405,53081,15300,79659,10102,48362,19586
14133,2020,263683,34069,183026,39332,133883,17485,94568,17464,129800,16584,88458,21868
14133,2010,233925,29780,169555,31946,121046,15351,90426,13737,112879,14429,79129,18209
14133,2015,247529,31693,175601,36871,126992,16294,92398,16196,120537,15399,83203,20675
14134,2020,234328,29342,154646,43090,116338,15002,79276,18844,117990,14340,75370,24246
14134,2010,217360,29469,153630,32224,109905,14998,79730,14023,107455,14471,73900,18201
14134,2015,228141,29901,155920,39163,115030,15304,80623,17280,113111,14597,75297,21883
14135,2020,221734,23445,147040,42661,112978,12012,77193,18832,108756,11433,69847,23829
14135,2010,213894,25562,152184,33520,110844,13202,81508,14769,103050,12360,70676,18751
14135,2015,214158,23774,147708,39538,110059,12244,78491,17456,104099,11530,69217,22082
14136,2020,233728,31863,148225,47043,113386,16399,73602,20840,120342,15464,74623,26203
14136,2010,218867,32682,149902,34873,109096,16820,75915,15594,109771,15862,73987,19279
14136,2015,225594,28347,134254,41817,110813,14442,67158,18464,114781,13905,67096,23353
14137,2020,180705,23039,111041,42673,87391,11834,54503,18606,93314,11205,56538,24067
14137,2010,169926,23320,113415,31996,82952,11886,56139,14287,86974,11434,57276,17709
14137,2015,175523,23658,111659,38859,85491,12062,55452,17180,90032,11596,56207,21679
14150,2020,725493,82532,435860,185236,362193,42298,224715,83633,363300,40234,211145,101603
14150,2010,717544,93750,481281,138094,361394,48197,247100,63678,356150,45553,234181,74416
14150,2015,720780,88850,454821,171040,361060,45546,234102,78057,359720,43304,220719,92983
14151,2020,170207,18760,99493,47692,85615,9452,51583,22094,84592,9308,47910,25598
14151,2010,176192,23075,118465,33773,89162,11859,60871,15937,87030,11216,57594,17836
14151,2015,173612,21474,108099,42832,87459,10850,55864,20030,86153,10624,52235,22802
14152,2020,273875,32538,166179,66752,137167,16828,86214,30249,136708,15710,79965,36503
14152,2010,266988,36849,179581,48852,135750,18950,93215,22632,131238,17899,86366,26220
14152,2015,269888,34603,172311,60667,135754,17764,89185,27719,134134,16839,83126,32948
14153,2020,281411,31234,170188,70792,139411,16018,86918,31290,142000,15216,83270,39502
14153,2010,274364,33826,183235,55469,136482,17388,93014,25109,137882,16438,90221,30360
14153,2015,277280,32773,174411,67541,137847,16932,89053,30308,139433,15841,85358,37233
14201,2020,388078,40747,221918,124727,193513,20867,117046,55166,194565,19880,104872,69561
14201,2010,418325,51670,261078,105576,208966,26596,135943,46427,209359,25074,125135,59149
14201,2015,406586,46530,238148,120465,202775,23788,124786,53250,203811,22742,113362,67215
14203,2020,258422,29331,151095,72510,129056,14997,78245,32492,129366,14334,72850,40018
14203,2010,260780,34513,171018,55159,132048,17607,89576,24786,128732,16906,81442,30373
14203,2015,258227,31632,158317,66456,129456,16171,82221,29894,128771,15461,76096,36562
14204,2020,172710,19587,98856,53378,81097,9975,48270,22482,91613,9612,50586,30896
14204,2010,174314,20944,105184,48108,82235,10627,51196,20367,92079,10317,53988,27741
14204,2015,173019,20630,99173,52859,81664,10530,48569,22358,91355,10100,50604,30501
14205,2020,436905,56803,265260,106517,215596,29091,135142,46383,221309,27712,130118,60134
14205,2010,409657,56633,271709,81310,203778,28912,139001,35861,205879,27721,132708,45449
14205,2015,423894,57615,266893,99195,210032,29410,136721,43744,213862,28205,130172,55451
14206,2020,188856,20684,108355,56588,91321,10672,54551,24748,97535,10012,53804,31840
14206,2010,198327,25357,125796,46471,96839,12932,63448,20040,101488,12425,62348,26431
14206,2015,194086,22916,116258,53689,94697,11822,58762,23431,99389,11094,57496,30258
14207,2020,242389,31061,144452,64882,117608,15857,72042,28473,124781,15204,72410,36409
14207,2010,235081,32813,151477,50189,115245,16602,75899,22361,119836,16211,75578,27828
14207,2015,239348,32593,146393,59592,116894,16545,73462,26375,122454,16048,72931,33217
14208,2020,57060,6386,31144,17948,26719,3254,15093,7594,30341,3132,16051,10354
14208,2010,58302,7147,34903,16249,27514,3617,17001,6894,30788,3530,17902,9355
14208,2015,57425,6756,32483,18005,26936,3457,15757,7641,30489,3299,16726,10364
14210,2020,42069,3472,21264,17158,20142,1790,10780,7504,21927,1682,10484,9654
14210,2010,48352,5132,28953,14238,23360,2581,14607,6147,24992,2551,14346,8091
14210,2015,45289,4301,24885,16081,21805,2185,12539,7067,23484,2116,12346,9014
14211,2020,162439,17797,93225,48518,82134,9242,48891,22187,80305,8555,44334,26331
14211,2010,170145,21281,113277,34575,87291,10831,59724,15975,82854,10450,53553,18600
14211,2015,167378,19964,102286,43707,85552,10114,54053,20198,81826,9850,48233,23509
14212,2020,223705,26156,136825,57522,115343,13421,73877,26468,108362,12735,62948,31054
14212,2010,224420,30734,152804,40201,116927,15784,81826,18847,107493,14950,70978,21354
14212,2015,225714,28919,144236,51432,116658,14857,77321,23866,109056,14062,66915,27566
14213,2020,239169,28937,146702,56696,119582,14656,75667,25248,119587,14281,71035,31448
14213,2010,228186,30352,151380,43610,114700,15433,77968,19801,113486,14919,73412,23809
14213,2015,232922,29806,148510,53184,116714,15200,76829,23835,116208,14606,71681,29349
14214,2020,101780,11659,61640,26579,51486,5917,32564,12106,50294,5742,29076,14473
14214,2010,101039,13785,67245,19824,51601,7096,35171,9207,49438,6689,32074,10617
14214,2015,101514,12718,63708,24405,51429,6486,33341,11233,50085,6232,30367,13172
14215,2020,136516,17660,82979,33825,68631,9121,42904,15416,67885,8539,40075,18409
14215,2010,127707,18215,85167,23964,64483,9335,43791,11164,63224,8880,41376,12800
14215,2015,130190,17886,81594,30218,65620,9152,42188,13967,64570,8734,39406,16251
14216,2020,132325,14957,80388,33638,66001,7602,41761,15177,66324,7355,38627,18461
14216,2010,129436,16912,86940,24906,65448,8805,44871,11388,63988,8107,42069,13518
14216,2015,128737,15477,81751,30216,64478,7916,42275,13730,64259,7561,39476,16486
14217,2020,40841,4492,22509,13440,20000,2292,11516,5991,20841,2200,10993,7449
14217,2010,44020,6032,27310,10651,21860,3130,13955,4757,22160,2902,13355,5894
14217,2015,43306,5379,25139,12722,21317,2769,12835,5672,21989,2610,12304,7050
14218,2020,83913,10852,48874,23186,42581,5568,26033,10565,41332,5284,22841,12621
14218,2010,83167,11972,53854,17238,42434,6088,28037,8235,40733,5884,25817,9003
14218,2015,84460,11850,50615,21593,42875,5975,26661,10002,41585,5875,23954,11591
14301,2020,31665,3955,17156,10071,14914,2043,8284,4307,16751,1912,8872,5764
14301,2010,32766,4476,19338,8949,15426,2300,9225,3899,17340,2176,10113,5050
14301,2015,32096,4192,17338,9890,15117,2169,8328,4249,16979,2023,9010,5641
14321,2020,48348,6165,28431,13250,24466,3191,14863,6083,23882,2974,13568,7167
14321,2010,47672,6643,31410,9527,24184,3402,16264,4462,23488,3241,15146,5065
14321,2015,47936,6488,29406,11935,24296,3337,15331,5554,23640,3151,14075,6381
14341,2020,31634,3569,17192,10853,15411,1846,8680,4870,16223,1723,8512,5983
14341,2010,33032,4051,20150,8810,16110,2062,10138,3895,16922,1989,10012,4915
14341,2015,31550,3604,17300,9972,15397,1835,8650,4524,16153,1769,8650,5448
14342,2020,27564,2828,14887,9682,13285,1471,7412,4331,14279,1357,7475,5351
14342,2010,29522,3552,17979,7967,14333,1813,8934,3572,15189,1739,9045,4395
14342,2015,28378,3092,16005,9279,13647,1540,7944,4162,14731,1552,8061,5117
14361,2020,9300,839,4836,3303,4664,403,2559,1499,4636,436,2277,1804
14361,2010,10010,1270,6295,2439,5007,664,3253,1086,5003,606,3042,1353
14361,2015,9679,1076,5565,3030,4834,544,2898,1384,4845,532,2667,1646
14362,2020,17129,2019,10031,4963,8437,1011,5166,2214,8692,1008,4865,2749
14362,2010,17972,2922,11500,3550,8972,1520,5848,1604,9000,1402,5652,1946
14362,2015,17033,2344,10214,4441,8498,1189,5263,2022,8535,1155,4951,2419
14363,2020,10836,1030,6030,3651,5404,543,3173,1609,5432,487,2857,2042
14363,2010,11676,1255,7285,3118,5753,648,3731,1359,5923,607,3554,1759
14363,2015,11171,1118,6553,3496,5503,573,3407,1521,5668,545,3146,1975
14364,2020,9761,821,5039,3873,4826,411,2654,1745,4935,410,2385,2128
14364,2010,11764,1202,7237,3325,5709,624,3667,1418,6055,578,3570,1907
14364,2015,10724,1032,5965,3727,5230,537,3040,1653,5494,495,2925,2074
14366,2020,18329,2709,10804,4768,8911,1374,5430,2086,9418,1335,5374,2682
14366,2010,16369,2629,10217,3518,8006,1323,5169,1510,8363,1306,5048,2008
14366,2015,17013,2595,10125,4259,8292,1301,5131,1842,8721,1294,4994,2417
14382,2020,11293,683,5940,4120,5423,340,2995,1773,5870,343,2945,2347
14382,2010,13853,1131,8757,3828,6665,582,4440,1591,7188,549,4317,2237
14382,2015,11786,896,6511,4125,5619,436,3297,1747,6167,460,3214,2378
14383,2020,6722,446,3344,2923,3124,214,1651,1255,3598,232,1693,1668
14383,2010,8212,733,4782,2697,3865,359,2365,1141,4347,374,2417,1556
14383,2015,7333,573,3919,2840,3425,289,1936,1200,3908,284,1983,1640
14384,2020,23426,1749,11477,9961,10884,929,5759,4096,12542,820,5718,5865
14384,2010,26848,2846,15256,8722,12370,1456,7386,3517,14478,1390,7870,5205
14384,2015,25026,2271,12859,9768,11556,1180,6322,3994,13470,1091,6537,5774
14401,2020,39869,4231,23225,11947,20883,2189,12718,5679,18986,2042,10507,6268
14401,2010,42089,5596,28125,8305,21917,2898,15016,3961,20172,2698,13109,4344
14401,2015,40343,4655,24294,10526,20935,2397,12986,5045,19408,2258,11308,5481
14402,2020,3038,306,1600,1131,1556,143,881,531,1482,163,719,600
14402,2010,3459,362,2225,871,1813,196,1200,416,1646,166,1025,455
14402,2015,3214,320,1852,1038,1644,166,990,485,1570,154,862,553
15000,2020,2201272,247480,1210917,715935,1068670,126902,616752,309603,1132602,120578,594165,406332
15000,2010,2374450,301708,1441262,621187,1148236,154591,729943,257374,1226214,147117,711319,363813
15000,2015,2304264,275945,1333453,685085,1115413,141466,676493,291629,1188851,134479,656960,393456
15100,2020,789275,91023,450987,230990,379741,46594,225131,98975,409534,44429,225856,132015
15100,2010,811901,103346,516311,187371,390406,52949,256408,78182,421495,50397,259903,109189
15100,2015,810157,98367,488815,217107,389512,50248,243543,92252,420645,48119,245272,124855
15101,2020,72804,8148,40231,22508,35490,4254,20273,9876,37314,3894,19958,12632
15101,2010,77621,10243,49678,17477,37535,5393,24669,7339,40086,4850,25009,10138
15101,2015,76328,9270,45800,20806,36973,4838,22880,8995,39355,4432,22920,11811
15102,2020,134446,15846,77848,38819,64388,8120,38595,16735,70058,7726,39253,22084
15102,2010,138096,18420,88217,30700,66688,9388,43618,13172,71408,9032,44599,17528
15102,2015,137577,17319,83111,36356,66001,8904,40998,15675,71576,8415,42113,20681
15103,2020,180345,19565,107451,46509,86046,10086,52831,19198,94299,9479,54620,27311
15103,2010,180537,21097,117426,39495,85607,10853,57281,16035,94930,10244,60145,23460
15103,2015,183767,20886,114710,45324,87721,10713,56604,18669,96046,10173,58106,26655
15104,2020,67972,8711,38303,20495,32940,4453,19386,8867,35032,4258,18917,11628
15104,2010,69365,9584,43561,16077,33776,4918,22059,6716,35589,4666,21502,9361
15104,2015,68906,9100,40714,18897,33407,4659,20536,8107,35499,4441,20178,10790
15105,2020,75069,9030,41311,23887,36016,4600,20609,10319,39053,4430,20702,13568
15105,2010,77329,10156,47069,19953,36892,5190,23316,8293,40437,4966,23753,11660
15105,2015,76843,9771,44480,22381,36689,4966,22118,9478,40154,4805,22362,12903
15106,2020,43437,4910,24371,13657,20977,2426,12336,5966,22460,2484,12035,7691
15106,2010,46949,5981,29639,11228,22781,3002,15128,4587,24168,2979,14511,6641
15106,2015,45685,5493,27459,12593,22068,2711,13944,5332,23617,2782,13515,7261
15107,2020,160656,19165,91892,46131,77653,9763,46126,19811,83003,9402,45766,26320
15107,2010,161264,20430,103383,36561,78072,10382,51582,15607,83192,10048,51801,20954
15107,2015,162833,20013,98506,43124,78714,10100,49298,18598,84119,9913,49208,24526
15108,2020,54546,5648,29580,18984,26231,2892,14975,8203,28315,2756,14605,10781
15108,2010,60740,7435,37338,15880,29055,3823,18755,6433,31685,3612,18583,9447
15108,2015,58218,6515,34035,17626,27939,3357,17165,7398,30279,3158,16870,10228
15202,2020,266936,31270,149389,83371,131011,16036,76696,36371,135925,15234,72693,47000
15202,2010,282674,37312,172717,71710,137780,19007,88057,30135,144894,18305,84660,41575
15202,2015,275133,34453,160452,79166,134198,17551,81910,34105,140935,16902,78542,45061
15204,2020,94642,10607,51991,31258,45815,5410,26450,13604,48827,5197,25541,17654
15204,2010,102292,13143,61806,26622,49368,6689,31078,11217,52924,6454,30728,15405
15204,2015,99192,11962,57474,29492,48094,6144,29056,12756,51098,5818,28418,16736
15205,2020,81526,8633,44253,27398,40556,4443,23311,11955,40970,4190,20942,15443
15205,2010,91451,11081,55311,24844,45385,5736,29223,10241,46066,5345,26088,14603
15205,2015,86833,10001,49656,26772,43098,5175,26104,11497,43735,4826,23552,15275
15206,2020,94927,11067,52607,30646,45963,5710,26905,13027,48964,5357,25702,17619
15206,2010,101202,12545,61747,26574,48606,6374,31346,10700,52596,6171,30401,15874
15206,2015,98611,11830,57378,29110,47412,6019,29178,12073,51199,5811,28200,17037
15208,2020,34096,3823,17981,12092,16830,1915,9389,5419,17266,1908,8592,6673
15208,2010,38600,5073,22572,10935,18907,2643,11632,4619,19693,2430,10940,6316
15208,2015,36498,4388,20274,11770,17998,2246,10556,5155,18500,2142,9718,6615
15209,2020,25441,2407,13607,9356,12406,1229,7037,4087,13035,1178,6570,5269
15209,2010,29762,3507,17708,8532,14350,1828,8982,3527,15412,1679,8726,5005
15209,2015,27852,2897,15738,9165,13447,1521,8004,3891,14405,1376,7734,5274
15210,2020,49820,5255,24595,19838,24339,2709,12827,8725,25481,2546,11768,11113
15210,2010,58911,7282,32623,18937,28604,3725,16832,8013,30307,3557,15791,10924
15210,2015,54917,6266,28866,19725,26642,3234,14840,8534,28275,3032,14026,11191
15211,2020,39237,4495,21682,12939,19050,2320,10991,5661,20187,2175,10691,7278
15211,2010,41862,5362,25466,10913,20224,2732,12744,4653,21638,2630,12722,6260
15211,2015,40608,4906,23491,12157,19636,2516,11779,5306,20972,2390,11712,6851
15212,2020,57418,5520,29209,22619,27474,2789,15132,9501,29944,2731,14077,13118
15212,2010,66427,7881,37524,20942,31548,4089,18993,8404,34879,3792,18531,12538
15212,2015,62442,6609,33578,22167,29824,3415,17200,9161,32618,3194,16378,13006
15213,2020,77201,8863,43797,24060,37629,4513,22394,10424,39572,4350,21403,13636
15213,2010,81876,10835,50388,20427,39913,5559,25453,8719,41963,5276,24935,11708
15213,2015,79784,9885,47021,22686,38770,4987,23900,9762,41014,4898,23121,12924
15216,2020,40765,4005,20213,16296,20068,2095,10770,7045,20697,1910,9443,9251
15216,2010,47702,5591,26353,15702,23251,2869,13841,6493,24451,2722,12512,9209
15216,2015,44162,4816,22942,16346,21538,2474,12068,6954,22624,2342,10874,9392
15217,2020,30383,3139,15826,11319,14740,1636,8153,4883,15643,1503,7673,6436
15217,2010,35457,4346,20407,10631,17101,2236,10465,4353,18356,2110,9942,6278
15217,2015,33199,3704,18234,11235,16097,1915,9406,4755,17102,1789,8828,6480
15218,2020,47625,4857,25570,17143,22890,2512,12989,7352,24735,2345,12581,9791
15218,2010,54550,6635,32462,15422,26071,3366,16485,6196,28479,3269,15977,9226
15218,2015,51404,5806,28848,16737,24596,2957,14644,6985,26808,2849,14204,9752
15222,2020,188047,22044,102314,61460,91929,11322,52708,26748,96118,10722,49606,34712
15222,2010,203899,27584,120754,53542,99115,14183,61713,22009,104784,13401,59041,31533
15222,2015,196987,25048,111997,58970,95990,13001,57369,25082,100997,12047,54628,33888
15223,2020,40696,4501,22065,14011,19570,2320,11180,5996,21126,2181,10885,8015
15223,2010,45560,5831,27746,11958,21865,3025,14075,4746,23695,2806,13671,7212
15223,2015,43415,5079,25235,13067,20870,2621,12819,5409,22545,2458,12416,7658
15224,2020,51492,5143,24279,21927,24881,2709,12668,9415,26611,2434,11611,12512
15224,2010,62727,7041,32515,23081,30017,3625,17001,9323,32710,3416,15514,13758
15224,2015,57255,5986,28126,23060,27450,3117,14628,9671,29805,2869,13498,13389
15225,2020,34483,3610,17816,12899,16802,1823,9163,5722,17681,1787,8653,7177
15225,2010,40361,5202,23184,11974,19557,2608,11984,4964,20804,2594,11200,7010
15225,2015,37352,4283,20742,12280,18207,2166,10691,5318,19145,2117,10051,6962
15226,2020,54851,6561,29347,18391,26777,3342,14865,8233,28074,3219,14482,10158
15226,2010,61624,8348,37091,16040,30037,4298,18897,6742,31587,4050,18194,9298
15226,2015,58568,7371,34066,17131,28545,3824,17290,7431,30023,3547,16776,9700
15227,2020,28509,2968,15165,10262,13959,1533,7884,4474,14550,1435,7281,5788
15227,2010,31424,3811,18518,8971,15202,1936,9482,3672,16222,1875,9036,5299
15227,2015,30198,3464,16871,9804,14611,1753,8646,4167,15587,1711,8225,5637
15307,2020,14259,2073,8390,3716,7172,1088,4499,1531,7087,985,3891,2185
15307,2010,13724,2082,8661,2973,6810,1091,4540,1173,6914,991,4121,1800
15307,2015,14040,2054,8524,3407,7018,1103,4515,1361,7022,951,4009,2046
15342,2020,7705,925,4305,2471,3733,466,2179,1084,3972,459,2126,1387
15342,2010,8582,1189,5346,2047,4112,568,2713,831,4470,621,2633,1216
15342,2015,8209,1102,4833,2272,3951,547,2434,969,4258,555,2399,1303
15361,2020,11227,1019,5960,4228,5395,530,3043,1808,5832,489,2917,2420
15361,2010,12791,1498,7875,3411,6177,766,3996,1409,6614,732,3879,2002
15361,2015,12188,1277,6993,3918,5877,663,3546,1668,6311,614,3447,2250
15385,2020,9965,673,4346,4944,4825,365,2330,2128,5140,308,2016,2816
15385,2010,13303,1311,6471,5517,6343,683,3480,2179,6960,628,2991,3338
15385,2015,11680,965,5422,5290,5598,519,2884,2192,6082,446,2538,3098
15405,2020,4113,372,1936,1803,1978,171,1029,776,2135,201,907,1027
15405,2010,4907,480,2604,1821,2328,245,1377,704,2579,235,1227,1117
15405,2015,4528,423,2276,1829,2156,205,1195,756,2372,218,1081,1073
15461,2020,7767,678,4012,2958,3946,333,2143,1389,3821,345,1869,1569
15461,2010,8396,904,4937,2490,4226,461,2633,1080,4170,443,2304,1410
15461,2015,8046,771,4547,2728,4050,383,2443,1224,3996,388,2104,1504
15482,2020,8989,882,4273,3767,4322,455,2217,1635,4667,427,2056,2132
15482,2010,10881,1185,5624,4062,5221,615,2982,1616,5660,570,2642,2446
15482,2015,10029,989,5131,3909,4810,509,2703,1598,5219,480,2428,2311
15504,2020,4380,558,2379,1408,2244,283,1281,649,2136,275,1098,759
15504,2010,4800,586,2926,1266,2490,310,1626,532,2310,276,1300,734
15504,2015,4775,609,2787,1353,2476,322,1500,628,2299,287,1287,725
15581,2020,5144,467,2458,2219,2444,234,1291,919,2700,233,1167,1300
15581,2010,6438,697,3432,2309,3025,362,1782,881,3413,335,1650,1428
15581,2015,5832,601,2949,2282,2758,314,1535,909,3074,287,1414,1373
15586,2020,353,42,165,146,181,17,97,67,172,25,68,79
15586,2010,366,20,183,163,197,13,123,61,169,7,60,102
15586,2015,370,33,187,150,184,17,107,60,186,16,80,90
16000,2020,1034814,115177,568052,333008,502637,59295,290743,141663,532177,55882,277309,191345
16000,2010,1093247,141936,662072,285102,526605,72852,333367,117680,566642,69084,328705,167422
16000,2015,1066328,128848,605545,322899,515147,66211,307121,136565,551181,62637,298424,186334
16201,2020,413938,48134,235817,122767,202281,24651,120942,52314,211657,23483,114875,70453
16201,2010,421953,55872,260790,102601,204515,28673,131480,42661,217438,27199,129310,59940
16201,2015,418686,52626,245586,117978,203427,26980,124837,50050,215259,25646,120749,67928
16202,2020,166393,16902,86993,54956,80482,8745,44125,23278,85911,8157,42868,31678
16202,2010,176061,21773,105985,47565,84292,11191,52948,19693,91769,10582,53037,27872
16202,2015,172125,19223,94740,53973,82802,9917,47556,22939,89323,9306,47184,31034
16204,2020,40535,3923,21193,13906,19729,1982,11115,5829,20806,1941,10078,8077
16204,2010,44959,5620,26725,12440,21873,2938,13739,5057,23086,2682,12986,7383
16204,2015,42935,4851,23977,13867,20921,2456,12575,5773,22014,2395,11402,8094
16205,2020,43950,4022,22499,17391,20883,2055,11504,7309,23067,1967,10995,10082
16205,2010,51726,5877,29972,15864,24463,2993,15055,6408,27263,2884,14917,9456
16205,2015,47992,4915,25803,17268,22769,2536,13003,7225,25223,2379,12800,10043
16206,2020,32349,4047,18432,9744,15750,2128,9489,4048,16599,1919,8943,5696
16206,2010,33676,4855,20586,8235,16143,2515,10357,3271,17533,2340,10229,4964
16206,2015,32755,4256,18995,9377,15855,2222,9717,3842,16900,2034,9278,5535
16207,2020,39638,4645,21761,12517,19514,2434,11343,5311,20124,2211,10418,7206
16207,2010,41852,5569,25091,11108,20303,2924,12726,4596,21549,2645,12365,6512
16207,2015,40991,5117,22855,12266,19920,2665,11704,5154,21071,2452,11151,7112
16208,2020,48154,5911,27087,14593,23419,3015,13793,6270,24735,2896,13294,8323
16208,2010,49410,7278,29899,12103,23926,3723,15121,4980,25484,3555,14778,7123
16208,2015,49000,6733,28209,13837,23781,3470,14273,5922,25219,3263,13936,7915
16209,2020,28983,2940,15086,10817,13991,1514,7667,4724,14992,1426,7419,6093
16209,2010,32067,3669,18981,9394,15442,1876,9651,3894,16625,1793,9330,5500
16209,2015,30399,3319,16681,10386,14602,1700,8439,4454,15797,1619,8242,5932
16210,2020,47937,4979,24165,18753,22940,2561,12266,8089,24997,2418,11899,10664
16210,2010,54724,6435,31230,17018,26026,3305,15767,6922,28698,3130,15463,10096
16210,2015,51327,5622,27152,18513,24423,2910,13667,7819,26904,2712,13485,10694
16211,2020,90742,11269,51219,27743,44253,5869,26166,11867,46489,5400,25053,15876
16211,2010,93588,13315,57654,22399,45325,6772,28992,9393,48263,6543,28662,13006
16211,2015,92308,12368,53154,26457,44770,6341,26899,11320,47538,6027,26255,15137
16321,2020,3132,528,1971,631,1521,277,985,257,1611,251,986,374
16321,2010,2967,647,1812,508,1434,327,905,202,1533,320,907,306
16321,2015,2982,549,1833,599,1421,280,895,245,1561,269,938,354
16322,2020,19351,1852,10280,7199,9255,959,5223,3058,10096,893,5057,4141
16322,2010,21965,2679,13084,6199,10376,1349,6457,2568,11589,1330,6627,3631
16322,2015,20930,2302,11581,7034,10002,1187,5832,2973,10928,1115,5749,4061
16323,2020,24792,2780,13698,8273,12002,1429,6977,3571,12790,1351,6721,4702
16323,2010,27466,3719,16574,7164,13200,1919,8313,2961,14266,1800,8261,4203
16323,2015,26317,3131,14745,7891,12663,1596,7462,3304,13654,1535,7283,4587
16342,2020,23839,2342,12621,8780,11385,1206,6458,3673,12454,1136,6163,5107
16342,2010,27182,3279,16164,7727,12967,1651,8131,3175,14215,1628,8033,4552
16342,2015,25335,2742,14093,8442,12096,1367,7178,3518,13239,1375,6915,4924
16343,2020,11081,903,5230,4938,5232,470,2690,2065,5849,433,2540,2873
16343,2010,13651,1349,7525,4777,6320,696,3725,1899,7331,653,3800,2878
16343,2015,12246,1094,6141,5011,5695,584,3084,2027,6551,510,3057,2984
17000,2020,1132526,137096,641383,333660,549771,70104,324568,142915,582755,66992,316815,190745
17000,2010,1169788,159283,725951,275337,564972,81213,363898,113853,604816,78070,362053,161484
17000,2015,1154008,148372,672515,317151,558589,75584,338627,134940,595419,72788,333888,182211
17201,2020,463254,56073,271778,121222,224549,28609,136161,51449,238705,27464,135617,69773
17201,2010,462361,62258,297230,96462,224087,31694,148325,39924,238274,30564,148905,56538
17201,2015,465699,59946,282984,114346,226007,30632,141759,48530,239692,29314,141225,65816
17202,2020,50300,4997,25395,19370,23970,2593,12682,8321,26330,2404,12713,11049
17202,2010,57900,6932,33807,17118,27297,3511,16860,6893,30603,3421,16947,10225
17202,2015,55325,6041,29571,18940,26218,3065,14750,7973,29107,2976,14821,10967
17203,2020,106216,13834,60584,30443,52182,7080,31068,13162,54034,6754,29516,17281
17203,2010,108433,15900,66257,25350,52465,8096,33101,10738,55968,7804,33156,14612
17203,2015,106919,14691,60708,28772,51844,7428,30555,12424,55075,7263,30153,16348
17204,2020,24608,1807,11351,11327,11714,928,6007,4696,12894,879,5344,6631
17204,2010,29858,2849,15600,11357,14146,1450,8109,4545,15712,1399,7491,6812
17204,2015,27216,2283,13198,11715,12795,1152,6896,4733,14421,1131,6302,6982
17205,2020,12929,926,5309,6673,5933,446,2697,2778,6996,480,2612,3895
17205,2010,16300,1515,8080,6699,7419,770,4031,2613,8881,745,4049,4086
17205,2015,14625,1157,6642,6816,6762,577,3425,2751,7863,580,3217,4065
17206,2020,63220,6715,33589,22681,29939,3472,16915,9422,33281,3243,16674,13259
17206,2010,71887,8954,42810,20027,33498,4517,20859,8069,38389,4437,21951,11958
17206,2015,67186,7749,36992,22262,31420,3911,18257,9170,35766,3838,18735,13092
17207,2020,20407,1928,10189,8231,9669,967,5150,3507,10738,961,5039,4724
17207,2010,23032,2674,13228,7101,10871,1344,6612,2886,12161,1330,6616,4215
17207,2015,21729,2272,11340,7922,10288,1126,5684,3358,11441,1146,5656,4564
17209,2020,34889,4696,19657,10314,16875,2427,9830,4502,18014,2269,9827,5812
17209,2010,34651,5091,21084,8459,16580,2595,10421,3552,18071,2496,10663,4907
17209,2015,34219,4681,19682,9812,16396,2393,9731,4244,17823,2288,9951,5568
17210,2020,110408,15154,63630,30899,53670,7596,31948,13742,56738,7558,31682,17157
17210,2010,110459,16950,70512,22807,53563,8652,34951,9829,56896,8298,35561,12978
17210,2015,109287,15721,65303,27915,53085,7941,32561,12360,56202,7780,32742,15555
17211,2020,48523,6811,28783,12692,24129,3510,14897,5555,24394,3301,13886,7137
17211,2010,48680,8061,30436,10104,24057,4191,15491,4320,24623,3870,14945,5784
17211,2015,48881,7596,29195,11983,24265,3960,15028,5209,24616,3636,14167,6774
17212,2020,57238,8322,35979,11203,29550,4279,19327,4837,27688,4043,16652,6366
17212,2015,55099,7961,34620,9824,28657,4053,18655,4282,26442,3908,15965,5542
17324,2020,6135,1057,3630,1448,3030,566,1818,646,3105,491,1812,802
17324,2010,6147,1262,3779,1106,2992,667,1867,458,3155,595,1912,648
17324,2015,6347,1296,3731,1312,3124,696,1863,559,3223,600,1868,753
17344,2010,51885,7536,35400,7908,27288,3869,19410,3288,24597,3667,15990,4620
17361,2020,36957,5057,22675,9040,18044,2627,11315,3977,18913,2430,11360,5063
17361,2010,36940,6075,24079,6730,17978,3105,11987,2843,18962,2970,12092,3887
17361,2015,36968,5436,23177,8146,17994,2746,11567,3560,18974,2690,11610,4586
17365,2020,26574,3305,15554,7081,12774,1714,7619,3107,13800,1591,7935,3974
17365,2010,26927,3971,17465,5241,12963,2048,8461,2260,13964,1923,9004,2981
17365,2015,26987,3721,16654,6435,13017,1918,8152,2821,13970,1803,8502,3614
17384,2020,18630,1656,8605,8312,8878,814,4450,3571,9752,842,4155,4741
17384,2010,22216,2402,12233,7576,10469,1191,6210,3063,11747,1211,6023,4513
17384,2015,20422,2073,10136,8213,9651,1027,5151,3473,10771,1046,4985,4740
17386,2020,12121,1081,6236,4795,5718,537,3122,2053,6403,544,3114,2742
17386,2010,14277,1796,8315,4166,6704,881,4158,1665,7573,915,4157,2501
17386,2015,13174,1426,7059,4689,6225,709,3519,1997,6949,717,3540,2692
17407,2020,16540,1968,8418,6147,7977,1030,4276,2665,8563,938,4142,3482
17407,2010,18535,2444,10578,5513,8853,1264,5290,2299,9682,1180,5288,3214
17407,2015,17571,2237,9293,6034,8447,1165,4684,2594,9124,1072,4609,3440
17461,2020,7890,555,3400,3872,3793,311,1827,1607,4097,244,1573,2265
17461,2010,9735,860,5025,3834,4643,440,2651,1541,5092,420,2374,2293
17461,2015,8786,672,4099,3991,4196,356,2188,1635,4590,316,1911,2356
17463,2020,15687,1154,6621,7910,7377,598,3459,3318,8310,556,3162,4592
17463,2010,19565,1753,10033,7779,9099,928,5104,3067,10466,825,4929,4712
17463,2015,17568,1413,8131,8024,8198,729,4202,3267,9370,684,3929,4757
18000,2020,766863,95544,427984,232684,373973,49101,217754,100768,392890,46443,210230,131916
18000,2010,806314,112192,485409,200942,389712,57497,243712,83841,416602,54695,241697,117101
18000,2015,786740,102986,451409,222408,381474,52796,227558,95685,405266,50190,223851,126723
18201,2020,262328,33046,148658,75805,127867,17092,75252,32656,134461,15954,73406,43149
18201,2010,266796,36175,160531,64071,128692,18617,79722,26964,138104,17558,80809,37107
18201,2015,265904,34073,151638,72481,128892,17581,75787,31404,137012,16492,75851,41077
18202,2020,64264,8110,36222,18473,31785,4160,18717,8056,32479,3950,17505,10417
18202,2010,67760,9832,41760,15500,33396,5076,21377,6424,34364,4756,20383,9076
18202,2015,66165,9038,39093,17572,32558,4620,20127,7544,33607,4418,18966,10028
18204,2020,28991,3479,15326,9278,14317,1799,8067,3964,14674,1680,7259,5314
18204,2010,31340,4254,18249,8695,15376,2258,9477,3512,15964,1996,8772,5183
18204,2015,29670,3814,16630,9145,14539,1993,8605,3885,15131,1821,8025,5260
18205,2020,31286,3346,16078,11680,14997,1688,8148,5033,16289,1658,7930,6647
18205,2010,35291,4314,20288,10689,16705,2204,10140,4361,18586,2110,10148,6328
18205,2015,33109,3787,18063,11253,15683,1925,8971,4783,17426,1862,9092,6470
18206,2020,22150,2468,11304,8275,10581,1272,5624,3591,11569,1196,5680,4684
18206,2010,25466,3013,14685,7739,12072,1493,7375,3189,13394,1520,7310,4550
18206,2015,24125,2750,13167,8185,11478,1404,6564,3496,12647,1346,6603,4689
18207,2020,68302,9599,39408,18757,33323,4894,19913,8187,34979,4705,19495,10570
18207,2010,67450,10543,41430,15371,32507,5362,20474,6597,34943,5181,20956,8774
18207,2015,68284,10257,39994,17811,33105,5207,19993,7780,35179,5050,20001,10031
18208,2020,27524,2984,14873,9349,13067,1509,7425,3959,14457,1475,7448,5390
18208,2010,29989,3707,18298,7959,14081,1888,8971,3209,15908,1819,9327,4750
18208,2015,28729,3291,16551,8870,13555,1654,8199,3688,15174,1637,8352,5182
18209,2020,80611,10151,45994,23740,39657,5288,23525,10381,40954,4863,22469,13359
18209,2010,85614,12270,52353,20757,41762,6282,26545,8788,43852,5988,25808,11969
18209,2015,81524,10928,47507,22484,39859,5639,24021,9828,41665,5289,23486,12656
18210,2020,88481,11535,50701,25434,42719,5878,25321,11135,45762,5657,25380,14299
18210,2010,91900,14166,56740,20775,44235,7289,28080,8704,47665,6877,28660,12071
18210,2015,90280,12748,53361,23590,43526,6523,26512,10174,46754,6225,26849,13416
18322,2020,18965,2127,10848,5640,9231,1064,5485,2471,9734,1063,5363,3169
18322,2010,20647,2730,12745,5039,10026,1418,6439,2083,10621,1312,6306,2956
18322,2015,19883,2437,11867,5413,9621,1265,5935,2334,10262,1172,5932,3079
18382,2020,2423,195,1150,1078,1196,103,620,473,1227,92,530,605
18382,2010,3046,278,1530,1238,1449,129,794,526,1597,149,736,712
18382,2015,2638,214,1285,1139,1250,108,665,477,1388,106,620,662
18404,2020,10002,1163,5072,3767,4804,626,2582,1596,5198,537,2490,2171
18404,2010,11551,1504,6563,3484,5501,783,3317,1401,6050,721,3246,2083
18404,2015,10799,1332,5822,3645,5173,696,2971,1506,5626,636,2851,2139
18423,2020,20118,2327,10595,7177,9725,1175,5397,3138,10393,1152,5198,4039
18423,2010,23160,3156,13587,6354,11036,1584,6838,2580,12124,1572,6749,3774
18423,2015,21538,2735,12043,6752,10333,1386,6074,2867,11205,1349,5969,3885
18442,2020,9179,997,4816,3294,4610,536,2630,1400,4569,461,2186,1894
18442,2010,10563,1224,6241,3082,5292,625,3391,1262,5271,599,2850,1820
18442,2015,9914,1068,5532,3308,4988,554,3040,1388,4926,514,2492,1920
18481,2020,10326,1201,5571,3285,5424,620,3111,1449,4902,581,2460,1836
18481,2010,11062,1624,6492,2941,5521,818,3479,1219,5541,806,3013,1722
18481,2015,10596,1369,6042,3172,5417,709,3340,1355,5179,660,2702,1817
18483,2020,7910,1088,4241,2548,3968,536,2316,1088,3942,552,1925,1460
18483,2010,8580,1226,4893,2353,4280,595,2659,955,4300,631,2234,1398
18483,2015,8325,1157,4680,2454,4201,555,2611,1001,4124,602,2069,1453
18501,2020,14003,1728,7127,5104,6702,861,3621,2191,7301,867,3506,2913
18501,2010,16099,2176,9024,4895,7781,1076,4634,2067,8318,1100,4390,2828
18501,2015,15257,1988,8134,5134,7296,977,4143,2175,7961,1011,3991,2959
19000,2020,809974,91629,453633,245884,397309,46780,231727,108049,412665,44849,221906,137835
19000,2010,863075,115337,531455,211581,422526,59552,269882,89861,440549,55785,261573,121720
19000,2015,834930,102270,488845,234544,408327,52471,248698,102012,426603,49799,240147,132532
19201,2020,189591,21391,108390,54487,92850,10917,55747,22908,96741,10474,52643,31579
19201,2010,198992,25361,122624,48953,97754,13106,62878,20273,101238,12255,59746,28680
19201,2015,193125,23105,112961,53154,94448,11915,57866,22410,98677,11190,55095,30744
19202,2020,46530,5088,26184,14006,22645,2576,13169,6201,23885,2512,13015,7805
19202,2010,50619,7052,31397,11884,24728,3639,15861,5018,25891,3413,15536,6866
19202,2015,49003,5973,29054,12995,23890,3076,14686,5632,25113,2897,14368,7363
19204,2020,31016,3133,18015,8772,14949,1607,8917,3913,16067,1526,9098,4859
19204,2010,33588,4274,21612,7569,16117,2167,10615,3239,17471,2107,10997,4330
19204,2015,32002,3671,20048,8132,15358,1843,9864,3582,16644,1828,10184,4550
19205,2020,33435,3754,18013,11396,16081,1932,8962,5015,17354,1822,9051,6381
19205,2010,36832,4908,21680,10144,17673,2544,10726,4341,19159,2364,10954,5803
19205,2015,35141,4271,19865,10975,16811,2220,9870,4705,18330,2051,9995,6270
19206,2020,22512,1657,11464,9093,10924,801,5837,4121,11588,856,5627,4972
19206,2010,28120,2885,16935,8293,13639,1494,8617,3522,14481,1391,8318,4771
19206,2015,25419,2210,14173,8827,12378,1110,7258,3889,13041,1100,6915,4938
19207,2020,29067,3164,16909,8906,14500,1654,8806,3982,14567,1510,8103,4924
19207,2010,32477,4441,20215,7509,16179,2335,10434,3227,16298,2106,9781,4282
19207,2015,30680,3804,18288,8357,15251,1968,9401,3747,15429,1836,8887,4610
19208,2020,69459,9188,40547,19302,34164,4765,20514,8646,35295,4423,20033,10656
19208,2010,72635,11320,45725,15531,35708,5803,23047,6804,36927,5517,22678,8727
19208,2015,70828,10171,42716,17702,34741,5244,21493,7888,36087,4927,21223,9814
19209,2020,44053,4257,22112,17619,21492,2195,11273,7973,22561,2062,10839,9646
19209,2010,46968,5261,27054,14639,22830,2730,13805,6281,24138,2531,13249,8358
19209,2015,45111,4613,23995,16457,21965,2401,12239,7288,23146,2212,11756,9169
19210,2020,75313,9721,42576,19088,37238,4932,21598,8428,38075,4789,20978,10660
19210,2010,73807,11346,48157,13986,36470,5764,24326,6177,37337,5582,23831,7809
19210,2015,74386,10614,45997,17486,36562,5424,23299,7718,37824,5190,22698,9768
19211,2020,66947,7915,37628,19870,32447,4029,18890,8698,34500,3886,18738,11172
19211,2010,70529,9960,43189,17092,33934,5184,21348,7244,36595,4776,21841,9848
19211,2015,69559,8720,40010,19541,33654,4476,19971,8491,35905,4244,20039,11050
19212,2020,22669,1834,12395,8254,11331,936,6472,3805,11338,898,5923,4449
19212,2010,27114,2968,17017,7118,13539,1534,8907,3091,13575,1434,8110,4027
19212,2015,24805,2331,14592,7833,12390,1185,7641,3531,12415,1146,6951,4302
19213,2020,29237,3032,15440,10717,14068,1554,7737,4743,15169,1478,7703,5974
19213,2010,33927,4428,19535,9962,16270,2310,9746,4212,17657,2118,9789,5750
19213,2015,31671,3699,17174,10502,15214,1906,8562,4580,16457,1793,8612,5922
19214,2020,31216,3512,17372,7548,15509,1761,8825,3416,15707,1751,8547,4132
19214,2010,31322,4640,20658,5638,15615,2423,10528,2461,15707,2217,10130,3177
19214,2015,31124,4212,19577,7007,15426,2135,9958,3155,15698,2077,9619,3852
19346,2020,14700,1418,7372,5525,7164,751,3802,2400,7536,667,3570,3125
19346,2010,17111,2001,9591,5519,8300,1043,4935,2322,8811,958,4656,3197
19346,2015,15673,1674,8415,5583,7561,876,4332,2352,8112,798,4083,3231
19364,2020,1098,72,573,451,627,43,393,190,471,29,180,261
19364,2010,1246,89,564,593,609,48,329,232,637,41,235,361
19364,2015,1068,74,484,510,538,45,283,210,530,29,201,300
19365,2020,10663,665,4898,5065,5226,339,2631,2224,5437,326,2267,2841
19365,2010,14462,1254,7515,5690,6913,643,3941,2327,7549,611,3574,3363
19365,2015,12669,868,6321,5434,6171,440,3400,2289,6498,428,2921,3145
19366,2020,7156,568,3464,3124,3496,295,1829,1372,3660,273,1635,1752
19366,2010,9011,879,5094,3038,4360,463,2659,1238,4651,416,2435,1800
19366,2015,8067,743,4230,3094,3931,390,2237,1304,4136,353,1993,1790
19368,2020,14219,1530,7635,4929,6848,770,3937,2082,7371,760,3698,2847
19368,2010,16307,2059,9466,4735,7856,1071,4778,1970,8451,988,4688,2765
19368,2015,15294,1751,8618,4920,7361,897,4394,2068,7933,854,4224,2852
19384,2020,20909,3283,13097,3984,10451,1651,6806,1747,10458,1632,6291,2237
19384,2010,17653,2890,11403,2881,9007,1523,5860,1266,8646,1367,5543,1615
19384,2015,19505,2951,11800,3705,9875,1475,6123,1711,9630,1476,5677,1994
19422,2020,1607,146,847,614,811,77,447,287,796,69,400,327
19422,2010,1919,221,1170,528,956,117,604,235,963,104,566,293
19422,2015,1743,180,987,575,882,98,512,271,861,82,475,304
19423,2020,4041,443,2367,1231,1947,212,1177,558,2094,231,1190,673
19423,2010,4541,672,2848,1021,2185,341,1397,447,2356,331,1451,574
19423,2015,4342,550,2663,1129,2117,272,1340,505,2225,278,1323,624
19424,2020,9237,1377,6032,1809,5137,712,3612,806,4100,665,2420,1003
19424,2010,8635,1434,5922,1279,4627,730,3352,545,4008,704,2570,734
19424,2015,8968,1466,5912,1568,4852,749,3402,691,4116,717,2510,877
19425,2020,5179,606,2822,1731,2559,316,1432,801,2620,290,1390,930
19425,2010,5324,718,3319,1285,2608,375,1681,552,2716,343,1638,733
19425,2015,5208,637,3021,1514,2559,322,1533,682,2649,315,1488,832
19429,2020,2824,329,1498,957,1390,172,755,443,1434,157,743,514
19429,2010,2964,433,1789,742,1429,215,900,314,1535,218,889,428
19429,2015,2921,373,1691,853,1403,190,829,381,1518,183,862,472
19430,2020,26082,3439,15422,6860,12839,1728,7855,3033,13243,1711,7567,3827
19430,2010,25471,3737,16231,5302,12494,1901,8195,2259,12977,1836,8036,3043
19430,2015,25329,3518,15647,6099,12350,1766,7877,2669,12979,1752,7770,3430
19442,2020,684,68,306,310,344,35,162,147,340,33,144,163
19442,2010,816,66,417,333,387,29,222,136,429,37,195,197
19442,2015,726,62,336,328,353,32,170,151,373,30,166,177
19443,2020,530,39,255,236,272,20,142,110,258,19,113,126
19443,2010,685,40,328,317,339,20,191,128,346,20,137,189
19443,2015,563,29,270,264,286,16,158,112,277,13,112,152
20000,2020,2048011,242873,1118429,646942,1000389,124344,569340,284423,1047622,118529,549089,362519
20000,2010,2152449,295742,1281683,569301,1046178,151921,647225,243342,1106271,143821,634458,325959
20000,2015,2098804,269752,1186865,626085,1022129,138082,601540,272810,1076675,131670,585325,353275
20201,2020,372760,42777,201890,108243,181284,21735,101348,46914,191476,21042,100542,61329
20201,2010,381511,53588,231802,94675,184128,27444,115291,40526,197383,26144,116511,54149
20201,2015,377598,49052,216734,106007,182843,24931,108303,46046,194755,24121,108431,59961
20202,2020,241145,30107,139128,66647,118271,15507,71247,28806,122874,14600,67881,37841
20202,2010,243037,34169,150582,57352,119271,17738,76548,24391,123766,16431,74034,32961
20202,2015,243293,32294,143259,64009,119479,16854,72944,27615,123814,15440,70315,36394
20203,2020,154055,18338,86410,47130,75365,9361,44014,20702,78690,8977,42396,26428
20203,2010,159597,21916,95202,41454,77589,11175,48102,17749,82008,10741,47100,23705
20203,2015,156827,20150,89926,45685,76776,10290,45761,20000,80051,9860,44165,25685
20204,2020,47790,5452,25609,16522,23213,2767,13216,7109,24577,2685,12393,9413
20204,2010,52841,7260,30538,14975,25625,3729,15425,6429,27216,3531,15113,8546
20204,2015,50128,6327,27331,16181,24330,3221,13940,6993,25798,3106,13391,9188
20205,2020,98164,12373,52701,31987,47280,6388,26314,13914,50884,5985,26387,18073
20205,2010,105335,14797,60471,29527,50105,7459,29868,12427,55230,7338,30603,17100
20205,2015,101581,13609,55546,31447,48443,6886,27527,13461,53138,6723,28019,17986
20206,2020,48729,5926,27232,15034,23809,3052,14026,6480,24920,2874,13206,8554
20206,2010,51200,7178,31034,12865,25021,3702,15711,5509,26179,3476,15323,7356
20206,2015,50140,6589,28805,14543,24392,3376,14647,6270,25748,3213,14158,8273
20207,2020,49559,6025,27198,16017,24324,3077,13973,7090,25235,2948,13225,8927
20207,2010,52168,7248,31099,13752,25466,3692,15718,6006,26702,3556,15381,7746
20207,2015,50725,6622,28654,15369,24790,3398,14534,6793,25935,3224,14120,8576
20208,2020,40991,4731,22257,13773,19972,2418,11321,6077,21019,2313,10936,7696
20208,2010,43997,5857,26617,11506,21463,3025,13502,4919,22534,2832,13115,6587
20208,2015,42512,5371,24099,12857,20623,2717,12171,5635,21889,2654,11928,7222
20209,2020,66125,8183,36480,20663,32437,4160,18705,9151,33688,4023,17775,11512
20209,2010,71093,10235,41919,18929,34674,5224,21408,8035,36419,5011,20511,10894
20209,2015,68271,9226,38149,20421,33445,4735,19506,8871,34826,4491,18643,11550
20210,2020,32202,3953,17956,9921,15729,2036,9163,4354,16473,1917,8793,5567
20210,2010,33693,4895,19710,8779,16445,2506,9971,3771,17248,2389,9739,5008
20210,2015,32759,4490,18573,9564,16006,2304,9478,4141,16753,2186,9095,5423
20211,2020,42338,5086,23236,13670,20552,2642,11609,6104,21786,2444,11627,7566
20211,2010,45638,6450,27381,11700,22077,3310,13675,5023,23561,3140,13706,6677
20211,2015,43909,5770,25155,12910,21243,2949,12598,5652,22666,2821,12557,7258
20212,2020,26029,2460,13174,9891,12594,1331,6653,4315,13435,1129,6521,5576
20212,2010,29801,3720,16906,9120,14429,1927,8634,3829,15372,1793,8272,5291
20212,2015,28041,3030,14900,9766,13555,1571,7618,4194,14486,1459,7282,5572
20213,2020,19539,2003,10049,7445,9498,1031,5120,3320,10041,972,4929,4125
20213,2010,23545,2934,13311,7282,11324,1530,6774,3006,12221,1404,6537,4276
20213,2015,21438,2406,11543,7426,10365,1269,5830,3229,11073,1137,5713,4197
20214,2020,56400,7050,31411,17059,28241,3635,16426,7682,28159,3415,14985,9377
20214,2010,56391,8244,34337,13509,28067,4248,17634,5931,28324,3996,16703,7578
20214,2015,55912,7752,32204,15808,27811,3961,16659,7076,28101,3791,15545,8732
20215,2020,67241,8360,39154,19155,33620,4317,20410,8554,33621,4043,18744,10601
20215,2010,67670,9469,42161,15993,33533,4827,21700,6971,34137,4642,20461,9022
20215,2015,67135,8692,40175,18203,33347,4396,20855,8052,33788,4296,19320,10151
20217,2020,98199,12480,54115,30170,48035,6399,27466,13336,50164,6081,26649,16834
20217,2010,100552,14407,60019,25985,49090,7459,30427,11105,51462,6948,29592,14880
20217,2015,99368,13121,56755,28506,48454,6732,28687,12432,50914,6389,28068,16074
20218,2020,58852,6880,32027,19628,28404,3530,16162,8562,30448,3350,15865,11066
20218,2010,62068,8345,36648,17004,29856,4307,18261,7234,32212,4038,18387,9770
20218,2015,60298,7428,33934,18912,29105,3756,17106,8226,31193,3672,16828,10686
20219,2020,30122,3652,17120,9333,14776,1832,8665,4269,15346,1820,8455,5064
20219,2010,30696,4345,18527,7817,15030,2256,9336,3433,15666,2089,9191,4384
20219,2015,30107,4018,17380,8705,14774,2065,8801,3905,15333,1953,8579,4800
20220,2020,94222,11364,52221,29932,45398,5796,26051,13212,48824,5568,26170,16720
20220,2010,96479,13430,57976,25003,46531,6908,28704,10881,49948,6522,29272,14122
20220,2015,95282,12355,54283,28423,45866,6358,26908,12475,49416,5997,27375,15948
20303,2020,4353,404,2095,1831,2140,218,1087,821,2213,186,1008,1010
20303,2010,5180,553,2794,1833,2487,300,1434,753,2693,253,1360,1080
20303,2015,4713,443,2429,1841,2276,235,1259,782,2437,208,1170,1059
20304,2020,4344,449,2697,1196,2591,228,1778,583,1753,221,919,613
20304,2010,4972,618,3204,1141,2945,330,2104,503,2027,288,1100,638
20304,2015,4607,505,2950,1151,2731,268,1938,524,1876,237,1012,627
20305,2020,3242,338,1894,996,1807,165,1178,455,1435,173,716,541
20305,2010,3528,452,2152,923,1921,220,1317,383,1607,232,835,540
20305,2015,3408,388,2059,961,1848,187,1242,419,1560,201,817,542
20306,2020,962,95,474,392,473,53,249,170,489,42,225,222
20306,2010,1121,142,557,422,542,70,293,179,579,72,264,243
20306,2015,1005,112,476,417,477,55,255,167,528,57,221,250
20307,2020,752,104,378,270,378,57,203,118,374,47,175,152
20307,2010,842,70,433,339,404,39,235,130,438,31,198,209
20307,2015,774,89,381,304,381,52,201,128,393,37,180,176
20309,2020,10218,1055,5188,3958,4966,545,2627,1782,5252,510,2561,2176
20309,2010,12069,1450,6772,3847,5845,748,3459,1638,6224,702,3313,2209
20309,2015,11186,1202,6032,3951,5392,616,3060,1716,5794,586,2972,2235
20321,2020,19188,2133,9991,6148,9178,1032,4822,2788,10010,1101,5169,3360
20321,2010,19018,2453,11766,4739,9145,1257,5777,2057,9873,1196,5989,2682
20321,2015,18994,2229,10772,5610,9107,1117,5253,2492,9887,1112,5519,3118
20323,2020,15555,1914,9036,4323,7703,970,4584,1982,7852,944,4452,2341
20323,2010,14738,2219,9219,3265,7304,1169,4697,1413,7434,1050,4522,1852
20323,2015,15184,2062,8927,3874,7561,1075,4574,1731,7623,987,4353,2143
20324,2020,6612,624,3529,2441,3328,313,1848,1157,3284,311,1681,1284
20324,2010,7707,942,4489,2276,3764,473,2299,992,3943,469,2190,1284
20324,2015,7265,787,4038,2440,3583,398,2079,1106,3682,389,1959,1334
20349,2020,4121,478,2018,1624,1976,230,1024,721,2145,248,994,903
20349,2010,4609,557,2500,1551,2218,283,1267,667,2391,274,1233,884
20349,2015,4343,502,2234,1598,2084,246,1122,711,2259,256,1112,887
20350,2020,5600,524,2696,2380,2774,266,1416,1092,2826,258,1280,1288
20350,2010,6780,744,3727,2309,3316,395,1914,1007,3464,349,1813,1302
20350,2015,6166,624,3173,2344,3029,328,1629,1060,3137,296,1544,1284
20361,2020,19155,2056,9581,7360,9238,1052,4948,3141,9917,1004,4633,4219
20361,2010,21532,2635,12008,6879,10395,1377,6068,2944,11137,1258,5940,3935
20361,2015,20236,2383,10558,7262,9749,1205,5395,3127,10487,1178,5163,4135
20362,2020,14084,1651,7229,5115,6839,832,3668,2285,7245,819,3561,2830
20362,2010,15338,1942,8730,4568,7550,965,4526,1970,7788,977,4204,2598
20362,2015,14493,1803,7786,4871,7039,921,3949,2145,7454,882,3837,2726
20363,2020,7680,979,4009,2667,3771,523,2022,1213,3909,456,1987,1454
20363,2010,7573,1003,4535,2035,3712,496,2327,889,3861,507,2208,1146
20363,2015,7566,976,4141,2448,3717,483,2124,1110,3849,493,2017,1338
20382,2020,18555,2014,9499,6999,9016,1014,4893,3094,9539,1000,4606,3905
20382,2010,20909,2716,11871,6316,10166,1381,6023,2757,10743,1335,5848,3559
20382,2015,19770,2375,10560,6812,9657,1217,5403,3020,10113,1158,5157,3792
20383,2020,24989,3043,13137,7168,12511,1584,6865,3196,12478,1459,6272,3972
20383,2010,26214,3815,16223,6176,13077,1979,8382,2716,13137,1836,7841,3460
20383,2015,25241,3591,14659,6891,12681,1887,7629,3096,12560,1704,7030,3795
20384,2020,9004,1003,4671,3329,4392,531,2395,1465,4612,472,2276,1864
20384,2010,9902,1172,5712,3018,4783,606,2890,1287,5119,566,2822,1731
20384,2015,9530,1112,5212,3200,4605,564,2658,1379,4925,548,2554,1821
20385,2020,15797,2494,9492,3699,7851,1266,4886,1629,7946,1228,4606,2070
20385,2010,14543,2336,9285,2877,7267,1226,4759,1249,7276,1110,4526,1628
20385,2015,15063,2406,9214,3377,7498,1242,4740,1476,7565,1164,4474,1901
20386,2020,4651,609,2365,1677,2189,287,1165,737,2462,322,1200,940
20386,2010,5074,646,2892,1536,2433,338,1433,662,2641,308,1459,874
20386,2015,4850,649,2583,1618,2300,308,1282,710,2550,341,1301,908
20388,2020,8569,1190,4814,2543,4162,627,2426,1096,4407,563,2388,1447
20388,2010,8974,1485,5277,2203,4357,764,2650,936,4617,721,2627,1267
20388,2015,8821,1339,4983,2477,4285,696,2518,1056,4536,643,2465,1421
20402,2020,12530,1535,6667,4324,6069,786,3340,1941,6461,749,3327,2383
20402,2010,13676,1910,7835,3931,6566,958,3901,1707,7110,952,3934,2224
20402,2015,13167,1676,7258,4218,6331,835,3628,1859,6836,841,3630,2359
20403,2020,12811,1785,6777,4162,6153,903,3364,1825,6658,882,3413,2337
20403,2010,13216,2107,7470,3633,6325,1098,3677,1544,6891,1009,3793,2089
20403,2015,13080,2069,7035,3970,6269,1042,3498,1727,6811,1027,3537,2243
20404,2020,4299,393,1926,1953,2071,211,1010,843,2228,182,916,1110
20404,2010,5455,578,2696,2180,2576,290,1402,883,2879,288,1294,1297
20404,2015,4962,482,2387,2093,2371,263,1250,858,2591,219,1137,1235
20407,2020,6068,794,3017,2257,2894,425,1497,972,3174,369,1520,1285
20407,2010,7036,977,3885,2163,3345,511,1934,892,3691,466,1951,1271
20407,2015,6538,870,3444,2224,3118,461,1718,939,3420,409,1726,1285
20409,2020,387,46,210,131,192,27,108,57,195,19,102,74
20409,2010,563,64,280,219,268,34,150,84,295,30,130,135
20409,2015,484,67,234,183,229,35,123,71,255,32,111,112
20410,2020,852,57,348,447,411,31,174,206,441,26,174,241
20410,2010,1129,101,521,507,557,51,287,219,572,50,234,288
20410,2015,970,70,422,478,483,38,221,224,487,32,201,254
20411,2020,3545,467,1832,1246,1709,213,924,572,1836,254,908,674
20411,2010,4200,699,2299,1202,2014,347,1154,513,2186,352,1145,689
20411,2015,3851,579,2041,1231,1870,298,1024,548,1981,281,1017,683
20412,2020,548,57,219,260,252,23,101,119,296,34,118,141
20412,2010,656,70,293,293,305,39,143,123,351,31,150,170
20412,2015,575,63,253,259,270,37,121,112,305,26,132,147
20413,2020,1178,72,374,732,558,40,203,315,620,32,171,417
20413,2010,1657,102,659,896,764,48,355,361,893,54,304,535
20413,2015,1365,79,480,806,634,33,267,334,731,46,213,472
20414,2020,1542,188,704,650,726,92,352,282,816,96,352,368
20414,2010,1910,224,970,716,904,116,500,288,1006,108,470,428
20414,2015,1702,177,845,680,786,73,434,279,916,104,411,401
20415,2020,5973,803,3043,2126,2908,405,1578,924,3065,398,1465,1202
20415,2010,6692,969,3671,2048,3250,512,1869,868,3442,457,1802,1180
20415,2015,6310,881,3343,2083,3060,453,1715,890,3250,428,1628,1193
20416,2020,6426,877,3432,2117,3185,471,1750,964,3241,406,1682,1153
20416,2010,6819,963,3796,2060,3301,503,1919,879,3518,460,1877,1181
20416,2015,6592,944,3554,2094,3222,512,1790,920,3370,432,1764,1174
20417,2020,1023,98,460,465,539,49,269,221,484,49,191,244
20417,2010,1160,95,467,598,559,40,258,261,601,55,209,337
20417,2015,1023,91,412,520,503,43,223,237,520,48,189,283
20422,2020,4131,375,2003,1753,2044,193,1101,750,2087,182,902,1003
20422,2010,5245,564,2775,1906,2531,307,1487,737,2714,257,1288,1169
20422,2015,4670,442,2387,1838,2279,240,1283,753,2391,202,1104,1085
20423,2020,3915,414,1806,1683,1896,216,946,724,2019,198,860,959
20423,2010,4810,526,2500,1778,2272,262,1270,736,2538,264,1230,1042
20423,2015,4313,466,2089,1753,2055,237,1086,729,2258,229,1003,1024
20425,2020,2692,284,1240,1168,1235,126,615,494,1457,158,625,674
20425,2010,3134,333,1699,1102,1448,164,850,434,1686,169,849,668
20425,2015,2926,316,1437,1162,1355,145,726,478,1571,171,711,684
20429,2020,715,41,365,308,340,20,188,131,375,21,177,177
20429,2010,965,102,523,340,445,49,268,128,520,53,255,212
20429,2015,839,57,455,327,387,26,228,133,452,31,227,194
20430,2020,3439,283,1673,1482,1682,141,897,643,1757,142,776,839
20430,2010,4145,482,2143,1520,1976,252,1105,619,2169,230,1038,901
20430,2015,3825,386,1900,1539,1858,198,996,664,1967,188,904,875
20432,2020,10584,916,5090,4426,5155,481,2678,1901,5429,435,2412,2525
20432,2010,12743,1413,6862,4458,6183,739,3627,1810,6560,674,3235,2648
20432,2015,11826,1205,5993,4586,5735,612,3152,1942,6091,593,2841,2644
20446,2020,2593,241,1189,1163,1219,132,603,484,1374,109,586,679
20446,2010,2970,297,1467,1206,1362,151,745,466,1608,146,722,740
20446,2015,2788,248,1330,1210,1299,130,678,491,1489,118,652,719
20448,2020,1639,169,774,696,818,94,408,316,821,75,366,380
20448,2010,1953,193,989,771,949,90,526,333,1004,103,463,438
20448,2015,1843,190,914,739,888,93,478,317,955,97,436,422
20450,2020,8400,1121,4830,2436,4103,571,2454,1070,4297,550,2376,1366
20450,2010,8425,1299,5225,1901,4147,671,2645,831,4278,628,2580,1070
20450,2015,8395,1268,4868,2254,4134,658,2480,995,4261,610,2388,1259
20451,2020,4279,525,2379,1375,2110,269,1217,624,2169,256,1162,751
20451,2010,4741,662,2818,1260,2298,339,1411,547,2443,323,1407,713
20451,2015,4462,508,2611,1343,2172,243,1341,588,2290,265,1270,755
20452,2020,4149,314,1905,1930,2046,169,1034,843,2103,145,871,1087
20452,2010,5172,518,2733,1921,2497,277,1402,818,2675,241,1331,1103
20452,2015,4730,406,2343,1981,2323,216,1240,867,2407,190,1103,1114
20481,2020,9382,926,4730,3708,4552,489,2409,1648,4830,437,2321,2060
20481,2010,10329,1217,5911,3193,4943,623,2959,1357,5386,594,2952,1836
20481,2015,9926,1108,5198,3618,4719,577,2576,1565,5207,531,2622,2053
20482,2020,9599,1069,5188,3305,4605,534,2590,1457,4994,535,2598,1848
20482,2010,10093,1397,5982,2714,4828,684,2991,1153,5265,713,2991,1561
20482,2015,9948,1237,5511,3195,4762,606,2769,1383,5186,631,2742,1812
20485,2020,8575,961,4726,2785,4257,478,2391,1319,4318,483,2335,1466
20485,2010,9205,1142,5900,2163,4522,590,2975,957,4683,552,2925,1206
20485,2015,8929,1064,5233,2625,4427,536,2692,1194,4502,528,2541,1431
20486,2020,2647,269,1364,1014,1367,129,762,476,1280,140,602,538
20486,2010,3221,371,1722,1127,1607,198,933,475,1614,173,789,652
20486,2015,2904,299,1509,1093,1454,141,828,482,1450,158,681,611
20521,2020,14004,1530,7333,5018,6909,775,3809,2249,7095,755,3524,2769
20521,2010,15730,2029,9150,4544,7687,1033,4652,1995,8043,996,4498,2549
20521,2015,14871,1796,8113,4925,7287,879,4176,2209,7584,917,3937,2716
20541,2020,10660,1396,5504,3748,5122,725,2711,1676,5538,671,2793,2072
20541,2010,11072,1518,6454,3096,5288,789,3119,1377,5784,729,3335,1719
20541,2015,10702,1421,5765,3510,5136,743,2807,1584,5566,678,2958,1926
20543,2020,6617,718,3458,2441,3242,383,1753,1106,3375,335,1705,1335
20543,2010,7563,996,4574,1993,3702,519,2326,857,3861,477,2248,1136
20543,2015,7033,863,3898,2263,3469,469,1987,1006,3564,394,1911,1257
20561,2020,11352,976,5580,4762,5519,504,2879,2121,5833,472,2701,2641
20561,2010,13678,1485,7589,4572,6560,778,3885,1873,7118,707,3704,2699
20561,2015,12429,1214,6464,4726,5992,640,3316,2024,6437,574,3148,2702
20562,2020,4375,470,2074,1761,2114,229,1050,790,2261,241,1024,971
20562,2010,4939,616,2733,1590,2345,311,1391,643,2594,305,1342,947
20562,2015,4658,567,2426,1661,2248,280,1248,718,2410,287,1178,943
20563,2020,3279,375,1629,1257,1571,188,829,543,1708,187,800,714
20563,2010,3853,444,2172,1237,1813,219,1113,481,2040,225,1059,756
20563,2015,3479,364,1869,1243,1655,182,955,515,1824,182,914,728
20583,2020,7739,661,3661,3416,3812,345,1894,1572,3927,316,1767,1844
20583,2010,9238,1002,5155,3081,4452,516,2626,1310,4786,486,2529,1771
20583,2015,8469,824,4342,3295,4113,441,2209,1460,4356,383,2133,1835
20588,2020,2215,188,1010,1017,1100,103,543,454,1115,85,467,563
20588,2010,3041,301,1465,1275,1471,163,783,525,1570,138,682,750
20588,2015,2665,260,1192,1213,1292,146,641,505,1373,114,551,708
20590,2020,10296,1019,5094,4182,5019,510,2592,1917,5277,509,2502,2265
20590,2010,11865,1346,6915,3604,5715,668,3505,1542,6150,678,3410,2062
20590,2015,11063,1162,5922,3975,5360,569,3019,1769,5703,593,2903,2206
20602,2020,1660,103,654,902,800,57,344,398,860,46,310,504
20602,2010,2215,193,999,1023,1048,100,539,409,1167,93,460,614
20602,2015,1953,154,816,983,937,83,434,420,1016,71,382,563
21000,2020,1978742,240520,1105215,593751,960436,123166,554871,260558,1018306,117354,550344,333193
21000,2010,2080773,289748,1282800,499399,1006247,148132,636756,216134,1074526,141616,646044,283265
21000,2015,2031903,266998,1185431,567571,983850,136683,591138,249169,1048053,130315,594293,318402
21201,2020,402557,45760,219393,113093,191679,23410,106802,48199,210878,22350,112591,64894
21201,2010,413136,55653,255692,98022,196525,28428,124130,41760,216611,27225,131562,56262
21201,2015,406735,50957,238415,110490,193760,25980,116502,47407,212975,24977,121913,63083
21202,2020,158286,20339,92709,43465,76994,10483,46527,19024,81292,9856,46182,24441
21202,2010,161160,22844,100910,36669,78282,11495,50475,15886,82878,11349,50435,20783
21202,2015,159879,21667,95945,41486,77430,10986,47875,18160,82449,10681,48070,23326
21203,2020,84419,10547,45399,28093,40483,5403,22824,11976,43936,5144,22575,16117
21203,2010,92747,13267,54341,25025,44196,6731,26978,10405,48551,6536,27363,14620
21203,2015,89182,11972,49548,27550,42652,6108,24852,11606,46530,5864,24696,15944
21204,2020,106732,12253,60458,33321,51437,6224,30141,14735,55295,6029,30317,18586
21204,2010,112595,15142,71198,25286,54342,7802,34855,11122,58253,7340,36343,14164
21204,2015,110441,13655,65654,30728,53378,7039,32452,13665,57063,6616,33202,17063
21205,2020,85283,10487,47961,25999,41657,5377,24152,11603,43626,5110,23809,14396
21205,2010,91418,13019,57579,20654,44592,6702,28746,9020,46826,6317,28833,11634
21205,2015,89153,12044,52612,24347,43422,6148,26333,10831,45731,5896,26279,13516
21206,2020,76570,9113,41736,24980,37414,4793,21486,10751,39156,4320,20250,14229
21206,2010,80910,11086,47053,22489,39145,5665,23810,9484,41765,5421,23243,13005
21206,2015,78883,10320,43890,24383,38354,5348,22337,10474,40529,4972,21553,13909
21207,2020,19247,2112,10121,6973,9289,1066,5074,3114,9958,1046,5047,3859
21207,2010,22629,2600,13789,6240,10865,1279,6926,2660,11764,1321,6863,3580
21207,2015,20760,2350,11789,6608,9962,1166,5889,2896,10798,1184,5900,3712
21208,2020,37150,4187,21105,11639,18156,2180,10945,4927,18994,2007,10160,6712
21208,2010,40387,5319,24554,10500,19383,2737,12386,4252,21004,2582,12168,6248
21208,2015,38730,4673,22541,11404,18622,2469,11354,4750,20108,2204,11187,6654
21209,2020,65649,8480,38380,18140,32303,4337,19398,8162,33346,4143,18982,9978
21209,2010,67197,10087,42600,14101,32777,5224,21038,6302,34420,4863,21562,7799
21209,2015,67337,9443,40602,16939,33007,4884,20191,7722,34330,4559,20411,9217
21210,2020,47774,5499,25118,16856,23138,2814,12899,7261,24636,2685,12219,9595
21210,2010,53718,7052,31020,15542,25944,3681,15702,6479,27774,3371,15318,9063
21210,2015,51073,6364,28033,16620,24673,3314,14256,7057,26400,3050,13777,9563
21211,2020,56689,8277,32868,12916,28141,4076,16660,5775,28548,4201,16208,7141
21211,2010,54729,8468,35257,10621,27037,4293,17891,4634,27692,4175,17366,5987
21211,2015,55384,8511,33964,12349,27362,4294,17227,5500,28022,4217,16737,6849
21212,2020,55348,6553,30878,17692,26803,3352,15590,7715,28545,3201,15288,9977
21212,2010,60475,7703,36495,16252,29041,3944,18145,6937,31434,3759,18350,9315
21212,2015,57827,7118,33018,17548,27812,3647,16514,7587,30015,3471,16504,9961
21213,2020,144521,18832,83147,40954,71220,9645,42309,18282,73301,9187,40838,22672
21213,2010,145604,21548,92027,31641,71516,10968,45861,14465,74088,10580,46166,17176
21213,2015,144690,20266,85901,38131,71167,10340,43196,17354,73523,9926,42705,20777
21214,2020,99968,12949,57717,27764,49202,6639,29125,12735,50766,6310,28592,15029
21214,2010,97436,14240,63414,19574,47848,7242,31343,9158,49588,6998,32071,10416
21214,2015,98695,13756,59429,25000,48636,7055,29637,11681,50059,6701,29792,13319
21215,2020,25280,2616,13520,9115,12184,1362,6674,4142,13096,1254,6846,4973
21215,2010,29629,3766,18230,7633,14249,1935,8981,3333,15380,1831,9249,4300
21215,2015,27114,3055,15503,8544,13019,1577,7619,3818,14095,1478,7884,4726
21216,2020,56388,8590,34645,11829,28105,4425,17565,5367,28283,4165,17080,6462
21216,2010,51950,8463,34630,8420,25919,4367,17465,3804,26031,4096,17165,4616
21216,2015,54354,8755,34554,10557,27181,4551,17536,4793,27173,4204,17018,5764
21217,2020,22538,2393,11032,9102,10860,1214,5760,3875,11678,1179,5272,5227
21217,2010,26732,3343,14471,8913,12803,1710,7390,3699,13929,1633,7081,5214
21217,2015,24696,2866,12589,9237,11791,1443,6409,3935,12905,1423,6180,5302
21218,2020,32928,4187,18511,10038,15936,2140,9252,4445,16992,2047,9259,5593
21218,2010,35047,5288,21662,8046,16947,2732,10697,3482,18100,2556,10965,4564
21218,2015,33995,4849,19665,9442,16534,2493,9846,4176,17461,2356,9819,5266
21219,2020,38997,4575,19746,14612,19051,2319,10209,6467,19946,2256,9537,8145
21219,2010,44491,5818,24354,14315,21417,2995,12322,6098,23074,2823,12032,8217
21219,2015,42090,5218,22222,14604,20396,2667,11334,6362,21694,2551,10888,8242
21220,2020,30428,3246,14670,12298,14471,1656,7399,5275,15957,1590,7271,7023
21220,2010,36314,4524,19733,12028,17310,2377,9850,5063,19004,2147,9883,6965
21220,2015,33585,3830,17160,12560,16008,1985,8618,5379,17577,1845,8542,7181
21221,2020,32735,3270,18152,11257,16045,1667,9207,5134,16690,1603,8945,6123
21221,2010,37941,4783,24175,8966,18497,2404,12100,3983,19444,2379,12075,4983
21221,2015,35206,4062,20889,10246,17154,2039,10454,4653,18052,2023,10435,5593
21302,2020,25881,3774,15941,5822,12664,1913,7967,2626,13217,1861,7974,3196
21302,2010,23804,3682,15653,4380,11689,1914,7777,1951,12115,1768,7876,2429
21302,2015,24622,3695,15425,5311,12004,1889,7596,2424,12618,1806,7829,2887
21303,2020,22208,2740,13011,6210,10513,1399,6322,2655,11695,1341,6689,3555
21303,2010,22809,3349,13991,5413,10577,1694,6578,2272,12232,1655,7413,3141
21303,2015,22750,3118,13423,6157,10662,1575,6427,2623,12088,1543,6996,3534
21341,2020,26882,2848,14822,9162,13116,1479,7504,4094,13766,1369,7318,5068
21341,2010,31332,4071,19623,7418,15254,2070,9807,3247,16078,2001,9816,4171
21341,2015,29029,3622,16999,8381,14139,1871,8514,3735,14890,1751,8485,4646
21361,2020,26402,3272,14765,8280,12985,1685,7531,3718,13417,1587,7234,4562
21361,2010,28505,4154,17554,6735,13820,2137,8729,2924,14685,2017,8825,3811
21361,2015,27556,3742,15973,7802,13509,1957,8021,3502,14047,1785,7952,4300
21362,2020,6610,584,3338,2649,3202,302,1693,1180,3408,282,1645,1469
21362,2010,8096,892,4757,2438,3952,459,2436,1049,4144,433,2321,1389
21362,2015,7419,749,3988,2682,3616,377,2021,1218,3803,372,1967,1464
21381,2020,18585,2177,10309,5973,9099,1070,5244,2729,9486,1107,5065,3244
21381,2010,20065,2834,12491,4737,9865,1467,6218,2180,10200,1367,6273,2557
21381,2015,19282,2489,11156,5633,9458,1268,5598,2589,9824,1221,5558,3044
21382,2020,9654,1300,5753,2571,4807,651,2999,1139,4847,649,2754,1432
21382,2010,10028,1605,6414,1989,4918,802,3258,844,5110,803,3156,1145
21382,2015,9973,1511,6132,2299,4883,749,3111,1008,5090,762,3021,1291
21383,2020,14355,1875,8306,4111,7036,956,4186,1851,7319,919,4120,2260
21383,2010,15271,2423,9642,3194,7650,1219,4979,1440,7621,1204,4663,1754
21383,2015,14752,2190,8684,3851,7278,1094,4422,1753,7474,1096,4262,2098
21401,2020,19529,1993,10003,7523,9366,1022,5040,3299,10163,971,4963,4224
21401,2010,23784,2841,13824,7086,11381,1444,6907,2999,12403,1397,6917,4087
21401,2015,21503,2390,11545,7567,10248,1209,5761,3277,11255,1181,5784,4290
21403,2020,22041,2794,12579,6608,10778,1467,6333,2941,11263,1327,6246,3667
21403,2010,23859,3813,14908,5114,11636,1975,7369,2284,12223,1838,7539,2830
21403,2015,23453,3452,13933,6043,11423,1790,6930,2690,12030,1662,7003,3353
21404,2020,23360,2976,13427,6911,11425,1532,6821,3049,11935,1444,6606,3862
21404,2010,24980,3929,15357,5612,12131,1994,7650,2447,12849,1935,7707,3165
21404,2015,24347,3564,14297,6477,11817,1809,7166,2836,12530,1755,7131,3641
21421,2020,18139,2501,11063,4455,8652,1271,5393,1917,9487,1230,5670,2538
21421,2010,18395,3052,11983,3360,8839,1545,5821,1473,9556,1507,6162,1887
21421,2015,18169,2697,11443,4028,8662,1391,5511,1759,9507,1306,5932,2269
21501,2020,8071,1046,4686,2254,4168,549,2533,1028,3903,497,2153,1226
21501,2010,8361,1091,5631,1598,4390,592,3074,695,3971,499,2557,903
21501,2015,8202,1041,5107,2020,4291,555,2779,924,3911,486,2328,1096
21502,2020,5626,792,3016,1817,2705,405,1515,784,2921,387,1501,1033
21502,2010,5516,721,3433,1362,2658,377,1696,585,2858,344,1737,777
21502,2015,5564,738,3198,1626,2682,391,1569,720,2882,347,1629,906
21503,2020,9860,1239,5449,3158,4865,660,2772,1423,4995,579,2677,1735
21503,2010,10593,1449,6327,2810,5163,742,3200,1215,5430,707,3127,1595
21503,2015,10197,1318,5814,3043,4973,680,2927,1352,5224,638,2887,1691
21504,2020,3402,283,1551,1568,1608,148,777,683,1794,135,774,885
21504,2010,4484,459,2388,1637,2129,237,1191,701,2355,222,1197,936
21504,2015,3876,341,1914,1620,1825,173,953,698,2051,168,961,922
21505,2020,10195,999,5089,4097,4905,511,2579,1809,5290,488,2510,2288
21505,2010,12045,1393,6736,3916,5791,721,3388,1682,6254,672,3348,2234
21505,2015,11027,1146,5839,4036,5291,587,2949,1752,5736,559,2890,2284
21506,2020,7412,586,3355,3471,3485,285,1677,1523,3927,301,1678,1948
21506,2010,9530,1064,4851,3615,4511,531,2462,1518,5019,533,2389,2097
21506,2015,8392,780,4006,3606,3957,386,2020,1551,4435,394,1986,2055
21507,2020,2016,185,921,910,964,91,488,385,1052,94,433,525
21507,2010,2514,294,1212,1008,1185,141,621,423,1329,153,591,585
21507,2015,2261,244,1064,953,1076,125,545,406,1185,119,519,547
21521,2020,17516,2090,9755,5565,8770,1095,5056,2542,8746,995,4699,3023
21521,2010,18824,2347,11893,4544,9229,1230,6020,1961,9595,1117,5873,2583
21521,2015,18111,2210,10700,5152,8947,1165,5435,2318,9164,1045,5265,2834
21604,2020,1511,201,810,500,755,93,443,219,756,108,367,281
21604,2010,1733,272,948,496,844,130,484,218,889,142,464,278
21604,2015,1609,230,868,511,789,109,452,228,820,121,416,283
22000,2020,3633202,438723,2071258,1084282,1791118,224978,1064983,479321,1842084,213745,1006275,604961
22000,2010,3765007,511575,2339915,891807,1853952,262635,1191003,386376,1911055,248940,1148912,505431
22000,2015,3700305,478084,2175004,1021283,1820993,245364,1111045,448723,1879312,232720,1063959,572560
22100,2020,693389,78274,395897,209628,337812,40321,200965,91095,355577,37953,194932,118533
22100,2010,716197,91673,444745,176033,348609,47101,223092,75606,367588,44572,221653,100427
22100,2015,704989,85299,415466,200229,343338,43798,209891,86792,361651,41501,205575,113437
22101,2020,249297,29111,139810,77416,119984,15001,69708,33510,129313,14110,70102,43906
22101,2010,255375,32264,156400,65368,123042,16685,77486,27923,132333,15579,78914,37445
22101,2015,253593,31096,147341,74152,121761,15972,73209,31911,131832,15124,74132,42241
22102,2020,213026,24659,127440,56905,105146,12714,65535,24886,107880,11945,61905,32019
22102,2010,213059,28607,136786,46289,105195,14699,69237,20223,107864,13908,67549,26066
22102,2015,212419,26509,130564,53531,105257,13671,66801,23473,107162,12838,63763,30058
22103,2020,231066,24504,128647,75307,112682,12606,65722,32699,118384,11898,62925,42608
22103,2010,247763,30802,151559,64376,120372,15717,76369,27460,127391,15085,75190,36916
22103,2015,238977,27694,137561,72546,116320,14155,69881,31408,122657,13539,67680,41138
22130,2020,790718,101461,457684,220925,392900,52415,235578,98712,397818,49046,222106,122213
22130,2010,800866,112093,499213,181347,397146,57834,255458,79232,403720,54259,243755,102115
22130,2015,797980,107411,473435,208355,395509,55452,242447,92451,402471,51959,230988,115904
22131,2020,235240,28418,140830,61237,117377,14546,72861,27023,117863,13872,67969,34214
22131,2010,238477,31490,152450,50173,119044,16281,78532,21771,119433,15209,73918,28402
22131,2015,237443,29534,144553,57891,118259,15112,74413,25417,119184,14422,70140,32474
22132,2020,129356,17561,76244,33468,64357,9137,39025,15011,64999,8424,37219,18457
22132,2010,126609,18921,79331,26532,63053,9866,40371,11807,63556,9055,38960,14725
22132,2015,128555,18520,77166,31430,63832,9667,39402,13999,64723,8853,37764,17431
22133,2020,108160,14077,62135,31556,53482,7273,31932,14007,54678,6804,30203,17549
22133,2010,113654,17373,70379,25492,56162,9017,35922,10996,57492,8356,34457,14496
22133,2015,111353,16164,65475,29420,54982,8318,33485,12980,56371,7846,31990,16440
22134,2020,99769,12600,58124,27257,50016,6579,30228,12301,49753,6021,27896,14956
22134,2010,102381,14764,64445,22633,51420,7590,33275,10174,50961,7174,31170,12459
22134,2015,100870,13520,60084,26262,50443,6957,31075,11866,50427,6563,29009,14396
22135,2020,92688,11798,51576,28530,45656,6077,26337,12778,47032,5721,25239,15752
22135,2010,94680,12826,57981,23158,46260,6636,29415,9850,48420,6190,28566,13308
22135,2015,93567,12375,54597,26335,45885,6443,27657,11627,47682,5932,26940,14708
22136,2020,98779,14931,56439,26694,49066,7776,28748,12174,49713,7155,27691,14520
22136,2010,91108,13635,56650,20488,44915,6910,28606,9231,46193,6725,28044,11257
22136,2015,95900,14820,56496,24274,47517,7698,28559,11090,48383,7122,27937,13184
22137,2020,26726,2076,12336,12183,12946,1027,6447,5418,13780,1049,5889,6765
22137,2010,33957,3084,17977,12871,16292,1534,9337,5403,17665,1550,8640,7468
22137,2015,30292,2478,15064,12743,14591,1257,7856,5472,15701,1221,7208,7271
22203,2020,189386,19162,107423,60488,93046,9690,55661,26398,96340,9472,51762,34090
22203,2010,202304,25911,126489,49821,99184,13204,64586,21327,103120,12707,61903,28494
22203,2015,195633,22389,115320,57076,95980,11394,59319,24681,99653,10995,56001,32395
22205,2020,34208,1993,15252,16376,15438,1008,7445,6658,18770,985,7807,9718
22205,2010,39611,3204,21103,15298,17718,1623,10160,5929,21893,1581,10943,9369
22205,2015,37544,2666,18077,16742,16926,1352,8903,6641,20618,1314,9174,10101
22206,2020,107783,13054,61582,31677,52421,6665,31152,13910,55362,6389,30430,17767
22206,2010,111838,15072,71046,25442,54911,7673,35820,11202,56927,7399,35226,14240
22206,2015,110046,14217,65811,29366,53836,7274,33296,12863,56210,6943,32515,16503
22207,2020,128105,15768,73531,37925,63364,8111,38055,16656,64741,7657,35476,21269
22207,2010,132001,18762,82933,29673,64909,9703,42049,12773,67092,9059,40884,16900
22207,2015,130770,17681,77294,34921,64281,9143,39400,15206,66489,8538,37894,19715
22208,2020,65491,5503,30839,27965,30668,2835,15256,12019,34823,2668,15583,15946
22208,2010,71437,8014,39255,23547,33279,4089,18866,9934,38158,3925,20389,13613
22208,2015,68345,6829,33849,26762,31828,3464,16527,11360,36517,3365,17322,15402
22209,2020,95719,12022,53013,30176,46725,6104,26955,13347,48994,5918,26058,16829
22209,2010,100276,13533,60879,25697,48876,6908,30642,11201,51400,6625,30237,14496
22209,2015,98112,12778,56193,28840,47806,6538,28404,12701,50306,6240,27789,16139
22210,2020,245392,30431,143917,69314,120694,15511,73864,30522,124698,14920,70053,38792
22210,2010,254027,37154,160844,55277,125240,18828,82020,23891,128787,18326,78824,31386
22210,2015,248399,33258,148073,64166,121901,16861,75388,27993,126498,16397,72685,36173
22211,2020,166672,21544,94843,47581,83980,11040,49623,21710,82692,10504,45220,25871
22211,2010,168625,23278,106079,37204,84716,12035,55041,16395,83909,11243,51038,20809
22211,2015,167210,22848,99905,43711,84130,11741,52118,19801,83080,11107,47787,23910
22212,2020,136845,16571,78621,40865,66952,8546,39991,18017,69893,8025,38630,22848
22212,2010,143249,20063,89377,33672,69901,10487,44510,14808,73348,9576,44867,18864
22212,2015,139462,18420,81840,38648,68168,9614,41072,17183,71294,8806,40768,21465
22213,2020,114954,15655,66367,32043,57655,8010,34432,14668,57299,7645,31935,17375
22213,2010,116363,16352,73464,25433,57921,8386,37776,11017,58442,7966,35688,14416
22213,2015,114602,16060,69041,29096,57126,8277,35499,13082,57476,7783,33542,16014
22214,2020,141342,18165,79594,42602,68793,9211,39960,19133,72549,8954,39634,23469
22214,2010,142151,19603,88090,33846,69484,10082,43744,15244,72667,9521,44346,18602
22214,2015,143605,19303,84051,39753,70049,9843,41890,18037,73556,9460,42161,21716
22215,2020,86614,11327,52570,22176,44454,5732,28596,9788,42160,5595,23974,12388
22215,2010,89030,13763,57916,17351,45694,7101,30973,7620,43336,6662,26943,9731
22215,2015,88078,12995,54185,20244,45159,6654,29089,8984,42919,6341,25096,11260
22216,2020,87864,12764,52796,21310,44534,6637,27597,9796,43330,6127,25199,11514
22216,2010,84846,13145,55091,16169,42867,6751,28750,7102,41979,6394,26341,9067
22216,2015,85789,13001,52667,18997,43206,6735,27334,8522,42583,6266,25333,10475
22219,2020,20183,1684,9887,8535,9675,862,5165,3598,10508,822,4722,4937
22219,2010,25013,2635,14066,8260,12002,1388,7141,3438,13011,1247,6925,4822
22219,2015,22916,2234,11658,8848,11009,1153,5986,3756,11907,1081,5672,5092
22220,2020,50911,6853,30028,13667,25773,3436,15964,6205,25138,3417,14064,7462
22220,2010,54546,8170,35258,10259,28163,4133,18729,4607,26383,4037,16529,5652
22220,2015,52737,7672,32448,12384,26837,3856,17179,5679,25900,3816,15269,6705
22221,2020,57885,6973,34646,16070,29625,3570,18565,7394,28260,3403,16081,8676
22221,2010,60107,8550,38431,12778,30709,4351,20412,5702,29398,4199,18019,7076
22221,2015,59789,8080,36227,15079,30550,4127,19262,6870,29239,3953,16965,8209
22222,2020,28190,2328,13861,11999,13342,1152,6961,5227,14848,1176,6900,6772
22222,2010,34202,3617,19765,10795,16257,1811,9913,4514,17945,1806,9852,6281
22222,2015,31317,2933,16489,11752,14837,1454,8259,5048,16480,1479,8230,6704
22223,2020,31103,3673,17564,9537,15803,1869,9401,4309,15300,1804,8163,5228
22223,2010,34700,4861,21810,7826,17583,2455,11560,3422,17117,2406,10250,4404
22223,2015,32578,4171,19139,8767,16499,2127,10184,3887,16079,2044,8955,4880
22224,2020,47789,6711,27785,12864,24173,3382,14609,5923,23616,3329,13176,6941
22224,2010,47041,6790,29800,10298,23659,3493,15455,4581,23382,3297,14345,5717
22224,2015,46763,6755,28176,11682,23488,3409,14626,5351,23275,3346,13550,6331
22225,2020,46804,5328,25354,15750,22459,2739,12635,6852,24345,2589,12719,8898
22225,2010,49269,6388,29950,12699,23506,3310,14655,5408,25763,3078,15295,7291
22225,2015,48152,5889,27334,14788,23031,3062,13474,6410,25121,2827,13860,8378
22226,2020,43502,5064,24348,13834,21414,2572,12643,6071,22088,2492,11705,7763
22226,2010,49019,6507,30339,12116,24048,3282,15654,5071,24971,3225,14685,7045
22226,2015,45547,5632,26685,13137,22331,2868,13735,5681,23216,2764,12950,7456
22301,2020,11488,774,5189,5516,5440,356,2630,2448,6048,418,2559,3068
22301,2010,14064,1402,7839,4809,6615,700,3875,2028,7449,702,3964,2781
22301,2015,12624,1065,6206,5348,5929,528,3064,2334,6695,537,3142,3014
22302,2020,6870,644,3266,2960,3317,325,1661,1331,3553,319,1605,1629
22302,2010,7998,961,4341,2695,3789,445,2184,1159,4209,516,2157,1536
22302,2015,7303,793,3600,2910,3512,380,1851,1281,3791,413,1749,1629
22304,2020,7877,659,3339,3873,3722,309,1721,1689,4155,350,1618,2184
22304,2010,9516,999,4952,3560,4543,503,2536,1500,4973,496,2416,2060
22304,2015,8524,824,3956,3744,4054,419,1990,1645,4470,405,1966,2099
22305,2020,6038,463,2620,2948,2837,245,1325,1260,3201,218,1295,1688
22305,2010,7653,831,3971,2841,3590,420,1960,1201,4063,411,2011,1640
22305,2015,6837,627,3258,2949,3223,326,1641,1253,3614,301,1617,1696
22306,2020,7090,435,2972,3654,3352,217,1540,1579,3738,218,1432,2075
22306,2010,9469,881,4748,3839,4441,451,2348,1641,5028,430,2400,2198
22306,2015,8234,666,3661,3906,3864,344,1838,1681,4370,322,1823,2225
22325,2020,36794,4286,20397,12069,17916,2219,10289,5378,18878,2067,10108,6691
22325,2010,38571,5113,23929,9499,18736,2645,11882,4184,19835,2468,12047,5315
22325,2015,37661,4712,21587,11315,18301,2456,10768,5045,19360,2256,10819,6270
22341,2020,31710,4012,19101,8285,15388,2135,9476,3591,16322,1877,9625,4694
22341,2010,32302,5079,20445,6652,15754,2598,10181,2900,16548,2481,10264,3752
22341,2015,32118,4609,19571,7790,15573,2385,9733,3360,16545,2224,9838,4430
22342,2020,43336,6880,26520,9556,21434,3496,13525,4228,21902,3384,12995,5328
22342,2010,40763,6721,26216,7668,20665,3376,13700,3460,20098,3345,12516,4208
22342,2015,42331,6862,26348,8932,21229,3452,13699,3970,21102,3410,12649,4962
22344,2020,18568,2165,10794,5569,9845,1101,6282,2424,8723,1064,4512,3145
22344,2010,20629,2830,13170,4616,10908,1469,7442,1984,9721,1361,5728,2632
22344,2015,19497,2377,11929,5092,10386,1250,6845,2225,9111,1127,5084,2867
22424,2020,28919,3689,17590,7468,14413,1900,9118,3303,14506,1789,8472,4165
22424,2010,29815,4492,18779,5993,14954,2327,9718,2567,14861,2165,9061,3426
22424,2015,29093,4216,17672,6924,14422,2165,9095,2993,14671,2051,8577,3931
22429,2020,6206,403,2727,3076,3055,201,1484,1370,3151,202,1243,1706
22429,2010,8074,697,3969,3407,3946,367,2123,1455,4128,330,1846,1952
22429,2015,7192,535,3335,3321,3532,265,1801,1465,3660,270,1534,1856
22461,2020,17457,2005,9341,6001,8699,1056,4859,2712,8758,949,4482,3289
22461,2010,19435,2431,11613,5387,9629,1306,6048,2273,9806,1125,5565,3114
22461,2015,18528,2277,10518,5709,9143,1198,5438,2492,9385,1079,5080,3217
23000,2020,7542415,973642,4502713,1864603,3761502,499205,2323364,830811,3780913,474437,2179349,1033792
23000,2010,7410719,1065254,4791445,1492085,3704220,545767,2457337,664750,3706499,519487,2334108,827335
23000,2015,7483128,1022532,4618657,1760763,3740844,524531,2380978,788910,3742284,498001,2237679,971853
23100,2020,2332176,275484,1388348,566154,1146669,140965,704963,247113,1185507,134519,683385,319041
23100,2010,2263894,289642,1463977,471879,1116211,147883,744347,203469,1147683,141759,719630,268410
23100,2015,2295638,282497,1429795,545210,1133640,144830,730108,237737,1161998,137667,699687,307473
23101,2020,165245,19283,101329,39379,80239,9876,51114,16388,85006,9407,50215,22991
23101,2010,160015,18232,105194,32946,77824,9283,53049,13463,82191,8949,52145,19483
23101,2015,164696,18661,102073,37411,80513,9492,51701,15528,84183,9169,50372,21883
23102,2020,84392,9642,53876,17986,40483,4945,26638,7628,43909,4697,27238,10358
23102,2010,73272,7325,47915,14927,34785,3751,23548,6012,38487,3574,24367,8915
23102,2015,78043,7917,47484,17445,37265,4117,23190,7312,40778,3800,24294,10133
23103,2020,162956,17222,98464,47154,79185,8727,50108,20289,83771,8495,48356,26865
23103,2010,165785,19875,105058,39322,80534,10158,52862,16692,85251,9717,52196,22630
23103,2015,163579,18473,99012,44928,79474,9394,50107,19226,84105,9079,48905,25702
23104,2020,151082,16979,93632,35800,74787,8702,48473,15608,76295,8277,45159,20192
23104,2010,144995,17823,93577,31658,71908,9034,48301,13525,73087,8789,45276,18133
23104,2015,149098,17549,94026,35211,73955,9007,48622,15233,75143,8542,45404,19978
23105,2020,138599,12848,83337,35868,70094,6586,43963,15765,68505,6262,39374,20103
23105,2010,136164,12889,86944,33350,68456,6652,45594,14491,67708,6237,41350,18859
23105,2015,133206,12897,82689,36114,67601,6630,43987,15961,65605,6267,38702,20153
23106,2020,93100,5716,48598,15440,46086,2899,24865,6383,47014,2817,23733,9057
23106,2010,78353,5235,49134,14292,37724,2695,24454,5621,40629,2540,24680,8671
23106,2015,83203,5726,56900,16877,40684,2809,29444,6713,42519,2917,27456,10164
23107,2020,107599,13014,66597,25086,52961,6652,33948,10800,54638,6362,32649,14286
23107,2010,105536,11361,69694,21969,52200,5823,35904,9125,53336,5538,33790,12844
23107,2015,107170,11714,68438,24613,53635,6068,35540,10514,53535,5646,32898,14099
23108,2020,108332,12066,57233,26996,51984,6167,27731,11720,56348,5899,29502,15276
23108,2010,105061,12603,67345,24085,50866,6352,33747,10244,54195,6251,33598,13841
23108,2015,105357,12743,64779,26997,50762,6522,32186,11692,54595,6221,32593,15305
23109,2020,66957,6774,40539,17269,33400,3435,21070,7526,33557,3339,19469,9743
23109,2010,64719,6844,42078,15143,32009,3498,21697,6464,32710,3346,20381,8679
23109,2015,65895,6633,39848,16721,32545,3379,20427,7218,33350,3254,19421,9503
23110,2020,220728,25896,135275,54337,108929,13136,69526,23987,111799,12760,65749,30350
23110,2010,221521,30624,142849,45902,109794,15687,72766,20143,111727,14937,70083,25759
23110,2015,220281,28373,137358,52140,109245,14630,70289,23035,111036,13743,67069,29105
23111,2020,143715,16363,81593,39032,72197,8340,41500,17398,71518,8023,40093,21634
23111,2010,149215,21011,96995,31200,74710,10767,50191,13745,74505,10244,46804,17455
23111,2015,146745,18290,90262,37307,73673,9358,47094,16653,73072,8932,43168,20654
23112,2020,134510,14261,79069,40043,68355,7262,42144,18357,66155,6999,36925,21686
23112,2010,141310,16182,88747,34903,71625,8213,46888,15626,69685,7969,41859,19277
23112,2015,136935,14991,82244,39018,69355,7680,43600,17788,67580,7311,38644,21230
23113,2020,176587,24936,99649,42753,86087,12736,49769,18726,90500,12200,49880,24027
23113,2010,168551,26000,107412,34112,83319,13178,54499,15058,85232,12822,52913,19054
23113,2015,172845,25787,105138,40782,85555,13158,53609,18018,87290,12629,51529,22764
23114,2020,248802,37454,151029,56715,121993,19347,75775,25331,126809,18107,75254,31384
23114,2010,229592,37426,148892,41959,113380,19181,74486,19010,116212,18245,74406,22949
23114,2015,241822,37957,150863,51818,119098,19605,75500,23430,122724,18352,75363,28388
23115,2020,164755,22683,97071,35530,78867,11637,46965,15098,85888,11046,50106,20432
23115,2010,161012,24063,106323,27822,77750,12329,52151,11837,83262,11734,54172,15985
23115,2015,164080,23865,104300,33483,79203,12170,51206,14337,84877,11695,53094,19146
23116,2020,164817,20347,101057,36766,81022,10518,51374,16109,83795,9829,49683,20657
23116,2010,158793,22149,105820,28289,79327,11282,54210,12413,79466,10867,51610,15876
23116,2015,162683,20921,104381,34345,81077,10811,53606,15079,81606,10110,50775,19266
23201,2020,371920,48558,221467,95757,186160,24797,115065,42579,185760,23761,106402,53178
23201,2010,376665,55709,241743,75780,188200,28508,124232,33282,188465,27201,117511,42498
23201,2015,374765,52524,230340,89758,187801,26901,119403,40046,186964,25623,110937,49712
23202,2020,384654,54174,234846,89678,193719,27921,122478,40722,190935,26253,112368,48956
23202,2010,372357,57169,246809,66950,187649,29431,127252,29863,184708,27738,119557,37087
23202,2015,381051,56430,240554,81907,192771,29073,125076,37244,188280,27357,115478,44663
23203,2020,380073,48805,221207,102543,184934,25082,110247,45158,195139,23723,110960,57385
23203,2010,378566,56307,236659,82915,184221,28583,116886,37261,194345,27724,119773,45654
23203,2015,380868,52948,227596,97058,185869,27148,113223,43397,194999,25800,114373,53661
23204,2020,127792,15806,72686,38195,62586,8102,37131,16895,65206,7704,35555,21300
23204,2010,132224,17869,82919,30666,65123,9227,41733,13716,67101,8642,41186,16950
23204,2015,129046,16575,75384,36066,63189,8422,38165,16084,65857,8153,37219,19982
23205,2020,117884,15247,72492,28591,59364,7923,37631,12861,58520,7324,34861,15730
23205,2010,118828,18274,77111,22959,59291,9552,39273,10149,59537,8722,37838,12810
23205,2015,116908,16261,73218,26728,58444,8476,37620,11870,58464,7785,35598,14858
23206,2020,308681,40928,182975,79532,152320,20884,93376,35534,156361,20044,89599,43998
23206,2010,305569,46032,196130,61925,152765,23395,99403,28718,152804,22637,96727,33207
23206,2015,306508,43271,185242,75000,151955,22064,94017,34302,154553,21207,91225,40698
23207,2020,184661,25338,109442,48237,91964,12869,56579,21418,92697,12469,52863,26819
23207,2010,181928,27294,115543,38215,90328,13943,58903,16957,91600,13351,56640,21258
23207,2015,182436,26153,110203,45256,90869,13345,56759,20221,91567,12808,53444,25035
23208,2020,60942,6588,35520,18299,29664,3450,18011,7923,31278,3138,17509,10376
23208,2010,65258,9411,40322,15230,31830,4808,20056,6716,33428,4603,20266,8514
23208,2015,63431,8007,37568,17628,30880,4098,18905,7742,32551,3909,18663,9886
23209,2020,72458,9872,44522,17247,37286,5120,23870,7753,35172,4752,20652,9494
23209,2010,72018,11138,46299,14457,36670,5773,24519,6275,35348,5365,21780,8182
23209,2015,71346,10330,44563,16182,36623,5394,23808,7219,34723,4936,20755,8963
23210,2020,153834,20887,96421,31028,80203,10725,52206,14212,73631,10162,44215,16816
23210,2010,145781,22365,99517,23009,76598,11422,54164,10453,69183,10943,45353,12556
23210,2015,149765,21942,98318,28303,78456,11232,53572,12972,71309,10710,44746,15331
23211,2020,422330,56365,261645,97411,220716,28893,142113,45347,201614,27472,119532,52064
23211,2010,421487,63534,285530,69550,221198,32610,154046,32496,200289,30924,131484,37054
23211,2015,422542,60357,272081,87315,222169,31060,148022,41211,200373,29297,124059,46104
23212,2020,187990,27665,119010,39497,96093,14261,63087,17926,91897,13404,55923,21571
23212,2010,178691,29556,119012,29164,91424,15243,62392,13193,87267,14313,56620,15971
23212,2015,184140,28829,118563,35936,94073,14860,62452,16373,90067,13969,56111,19563
23213,2020,169046,23576,100848,43373,85594,12041,53218,19548,83452,11535,47630,23825
23213,2010,106823,16328,69707,20620,54066,8407,36488,9020,52757,7921,33219,11600
23213,2015,167990,24236,103106,40211,84669,12431,53883,18045,83321,11805,49223,22166
23214,2020,79538,9583,45717,23404,39336,5079,23674,10177,40202,4504,22043,13227
23214,2010,82249,11015,50781,20135,40490,5811,25754,8691,41759,5204,25027,11444
23214,2015,81100,10397,47709,22677,40230,5592,24608,9877,40870,4805,23101,12800
23215,2020,73090,8825,42172,21416,36240,4465,21793,9523,36850,4360,20379,11893
23215,2010,75198,10784,46673,17571,37454,5541,23670,8099,37744,5243,23003,9472
23215,2015,74308,9851,43519,20670,36949,4986,22368,9386,37359,4865,21151,11284
23216,2020,58710,8495,34460,14737,28575,4346,17309,6465,30135,4149,17151,8272
23216,2010,54858,7761,33962,12928,26898,3930,17256,5601,27960,3831,16706,7327
23216,2015,56547,8135,33202,14143,27629,4128,16774,6199,28918,4007,16428,7944
23217,2020,98255,11679,54529,26630,47920,5934,27172,11870,50335,5745,27357,14760
23217,2010,99730,14639,62694,22099,48838,7587,31039,10002,50892,7052,31655,12097
23217,2015,98359,13334,58122,25805,48035,6838,28878,11652,50324,6496,29244,14153
23219,2020,148831,19321,91387,37160,75290,9824,47984,16886,73541,9497,43403,20274
23219,2010,147132,22307,97024,27594,74161,11486,49687,12818,72971,10821,47337,14776
23219,2015,149462,20267,89973,33816,75430,10327,46390,15601,74032,9940,43583,18215
23220,2020,134751,17241,79173,37287,66415,8850,40220,16845,68336,8391,38953,20442
23220,2010,136442,19389,87803,29250,67394,9961,44158,13275,69048,9428,43645,15975
23220,2015,136867,18437,83165,34642,67500,9527,41939,15731,69367,8910,41226,18911
23221,2020,44355,4732,23319,16032,22002,2444,12073,7295,22353,2288,11246,8737
23221,2010,49864,6300,29531,14033,24532,3247,15197,6088,25332,3053,14334,7945
23221,2015,47133,5536,26055,15371,23138,2871,13276,6876,23995,2665,12779,8495
23222,2020,113787,16453,69809,25005,59158,8563,37949,11383,54629,7890,31860,13622
23222,2010,107690,16872,70407,20121,56305,8771,38130,9194,51385,8101,32277,10927
23222,2015,111944,17325,69662,23735,58170,8935,37773,10784,53774,8390,31889,12951
23223,2020,93123,14194,57143,19927,47374,7166,30072,9047,45749,7028,27071,10880
23223,2010,85249,13843,56275,14921,43738,7138,29541,6917,41511,6705,26734,8004
23223,2015,89157,13915,54984,18427,45390,7006,28742,8525,43767,6909,26242,9902
23224,2020,84364,10966,49179,23461,42346,5760,25403,10791,42018,5206,23776,12670
23224,2010,84768,12779,54431,17454,42453,6511,27575,8281,42315,6268,26856,9173
23224,2015,84617,11829,50839,21432,42428,6090,26071,9998,42189,5739,24768,11434
23225,2020,72193,9755,46716,14360,38127,5139,25555,6598,34066,4616,21161,7762
23225,2010,68398,10616,46184,11279,35683,5464,24879,5171,32715,5152,21305,6108
23225,2015,70501,10164,45714,13414,36667,5289,24543,6107,33834,4875,21171,7307
23226,2020,83144,11404,49283,21475,40453,5812,24530,9551,42691,5592,24753,11924
23226,2010,81140,12409,51781,16347,39681,6296,25572,7446,41459,6113,26209,8901
23226,2015,80787,11504,48186,19920,39251,5852,23733,9030,41536,5652,24453,10890
23227,2020,46106,6997,29738,8896,23790,3580,15949,3998,22316,3417,13789,4898
23227,2010,44027,7513,28670,7645,22737,3905,15360,3343,21290,3608,13310,4302
23227,2015,46236,7459,29818,8750,23889,3849,16017,3898,22347,3610,13801,4852
23228,2020,47983,5890,28702,11995,23866,2995,14734,5412,24117,2895,13968,6583
23228,2010,47340,6689,31059,9563,23504,3435,15649,4396,23836,3254,15410,5167
23228,2015,47562,6100,29672,11361,23695,3121,15154,5211,23867,2979,14518,6150
23229,2020,69295,8577,41574,18123,35061,4493,21736,8230,34234,4084,19838,9893
23229,2010,69745,10035,45222,14290,35075,5160,23104,6686,34670,4875,22118,7604
23229,2015,69127,9047,42605,17047,34879,4715,22005,7884,34248,4332,20600,9163
23230,2020,91520,13492,51836,18044,45149,6911,25798,8005,46371,6581,26038,10039
23230,2010,84237,13924,55223,14439,42137,7089,28043,6604,42100,6835,27180,7835
23230,2015,87977,14347,55182,17230,43723,7302,27894,7743,44254,7045,27288,9487
23231,2020,59360,7422,33453,16698,30138,3830,17679,7533,29222,3592,15774,9165
23231,2010,64119,8788,41005,14224,32573,4564,21862,6091,31546,4224,19143,8133
23231,2015,62364,8164,37946,15960,31908,4291,20333,7108,30456,3873,17613,8852
23232,2020,60829,6865,34544,19192,29536,3429,17300,8680,31293,3436,17244,10512
23232,2010,64978,9496,39771,15690,31703,4907,19600,7184,33275,4589,20171,8506
23232,2015,63088,8108,36473,18448,30678,4186,18049,8411,32410,3922,18424,10037
23233,2020,67352,8696,36320,15188,33520,4454,18457,6764,33832,4242,17863,8424
23233,2010,65757,9372,42792,13215,32933,4725,22102,5891,32824,4647,20690,7324
23233,2015,67327,9534,41834,15377,33820,4789,21747,6926,33507,4745,20087,8451
23234,2020,86385,12192,52510,20797,43041,6250,27184,9236,43344,5942,25326,11561
23234,2010,81571,12607,52154,16482,40899,6543,26399,7733,40672,6064,25755,8749
23234,2015,84133,12572,51227,19908,42010,6432,26323,9061,42123,6140,24904,10847
23235,2020,43025,5294,25765,11260,21465,2675,13413,4969,21560,2619,12352,6291
23235,2010,43272,6400,27479,9157,21489,3291,13883,4193,21783,3109,13596,4964
23235,2015,43269,5894,26249,10702,21554,3045,13445,4817,21715,2849,12804,5885
23236,2020,61952,8981,40028,11234,32105,4653,21269,5352,29847,4328,18759,5882
23236,2010,60098,11152,40431,8190,32407,5746,22234,4109,27691,5406,18197,4081
23236,2015,61810,10170,40940,10371,32646,5235,22179,5036,29164,4935,18761,5335
23237,2020,86126,11511,51573,23031,42561,5922,26360,10271,43565,5589,25213,12760
23237,2010,86714,13227,54728,18366,43048,6716,27427,8645,43666,6511,27301,9721
23237,2015,86898,12390,51921,22091,43229,6273,26404,10229,43669,6117,25517,11862
23238,2020,60162,10084,36234,9840,29144,5092,17736,4401,31018,4992,18498,5439
23238,2015,57598,9897,37414,8691,28419,5039,18630,3948,29179,4858,18784,4743
23302,2020,43903,6537,26144,10206,21931,3331,13459,4567,21972,3206,12685,5639
23302,2010,41851,7340,27055,7394,21163,3741,13826,3538,20688,3599,13229,3856
23302,2015,42858,7068,26070,9462,21440,3621,13300,4380,21418,3447,12770,5082
23304,2010,52022,8882,35840,6795,26100,4524,18111,3105,25922,4358,17729,3690
23342,2020,15613,2285,8756,3444,7937,1165,4557,1550,7676,1120,4199,1894
23342,2010,14405,2210,9314,2807,7335,1092,4889,1299,7070,1118,4425,1508
23342,2015,15177,2423,9342,3332,7769,1247,4925,1545,7408,1176,4417,1787
23361,2020,24305,3456,13797,5769,12261,1808,7127,2598,12044,1648,6670,3171
23361,2010,22446,3678,14242,4500,11322,1885,7387,2025,11124,1793,6855,2475
23361,2015,23274,3554,14304,5377,11679,1798,7439,2411,11595,1756,6865,2966
23362,2020,34133,4616,20033,8992,16839,2322,10272,3997,17294,2294,9761,4995
23362,2010,33558,5092,20916,7431,16589,2601,10464,3455,16969,2491,10452,3976
23362,2015,33806,4871,20070,8787,16737,2467,10199,4012,17069,2404,9871,4775
23424,2020,32399,4890,19868,6667,16304,2471,10310,3062,16095,2419,9558,3605
23424,2010,29891,5228,19543,5037,15179,2656,10085,2366,14712,2572,9458,2671
23424,2015,30990,4988,18888,6345,15485,2481,9656,2922,15505,2507,9232,3423
23425,2020,37338,4552,22565,9473,18428,2354,11421,4220,18910,2198,11144,5253
23425,2010,36688,5065,23904,7521,18220,2571,12039,3421,18468,2494,11865,4100
23425,2015,37085,4759,22966,8867,18266,2431,11579,3976,18819,2328,11387,4891
23427,2020,4575,647,2504,1419,2251,334,1301,611,2324,313,1203,808
23427,2010,4525,563,2777,1185,2232,286,1448,498,2293,277,1329,687
23427,2015,4397,604,2433,1342,2131,308,1242,573,2266,296,1191,769
23441,2020,28383,4817,15837,7513,13965,2490,8010,3334,14418,2327,7827,4179
23441,2010,25466,3620,15972,5844,12494,1803,8009,2662,12972,1817,7963,3182
23441,2015,27747,4476,16116,7096,13623,2274,8092,3219,14124,2202,8024,3877
23442,2020,49596,6701,29566,12836,24726,3396,15315,5803,24870,3305,14251,7033
23442,2010,49800,7606,32177,9912,25010,3923,16461,4558,24790,3683,15716,5354
23442,2015,49230,6913,29957,11921,24535,3545,15285,5487,24695,3368,14672,6434
23445,2020,16617,1471,8614,6451,8079,740,4455,2835,8538,731,4159,3616
23445,2010,20549,2203,12244,6081,9948,1131,6273,2527,10601,1072,5971,3554
23445,2015,18707,1823,10412,6438,9067,935,5318,2795,9640,888,5094,3643
23446,2020,22496,2216,12971,6820,11213,1190,6642,3067,11283,1026,6329,3753
23446,2010,25178,3177,16344,5539,12328,1673,8145,2440,12850,1504,8199,3099
23446,2015,23575,2648,14254,6450,11514,1417,7135,2845,12061,1231,7119,3605
23447,2020,43535,5869,26033,10795,22116,2976,13787,4843,21419,2893,12246,5952
23447,2010,42408,6613,27323,8373,21615,3394,14304,3840,20793,3219,13019,4533
23447,2015,42473,6242,25934,10069,21412,3154,13582,4535,21061,3088,12352,5534
23481,2010,23825,3387,14717,5718,11659,1733,7497,2426,12166,1654,7220,3292
23482,2010,22298,3279,13940,5078,11117,1667,7194,2255,11181,1612,6746,2823
23483,2010,12352,1623,7577,3145,6026,817,3833,1371,6326,806,3744,1774
23501,2020,42449,6979,26024,9198,21504,3575,13581,4184,20945,3404,12443,5014
23501,2010,37930,6199,25199,6499,19045,3204,12932,2889,18885,2995,12267,3610
23501,2015,39549,6641,24736,8100,19897,3397,12701,3740,19652,3244,12035,4360
23561,2020,4437,328,1828,2263,2165,169,979,999,2272,159,849,1264
23561,2010,5769,513,2749,2507,2766,246,1449,1071,3003,267,1300,1436
23561,2015,5074,398,2270,2401,2455,193,1207,1051,2619,205,1063,1350
23562,2020,2942,256,1176,1490,1417,146,611,640,1525,110,565,850
23562,2010,3757,301,1660,1795,1727,144,858,724,2030,157,802,1071
23562,2015,3446,279,1487,1680,1632,152,779,701,1814,127,708,979
23563,2020,1017,80,404,533,482,39,213,230,535,41,191,303
23563,2010,1336,130,594,612,639,67,318,254,697,63,276,358
23563,2015,1135,109,476,550,527,59,251,217,608,50,225,333
24000,2020,1770254,211090,997052,522073,864475,108019,506124,228250,905779,103071,490928,293823
24000,2010,1854724,253174,1142275,447103,903398,129491,573641,192186,951326,123683,568634,254917
24000,2015,1815865,233525,1061577,501046,883516,119471,534265,218388,932349,114054,527312,282658
24201,2020,274537,33180,156532,80745,133537,17085,79044,35083,141000,16095,77488,45662
24201,2010,285746,37466,175473,69937,138643,19075,87681,30026,147103,18391,87792,39911
24201,2015,279886,35663,165058,77624,135718,18335,82799,33635,144168,17328,82259,43989
24202,2020,305424,37575,184945,78647,152669,19202,96747,34803,152755,18373,88198,43844
24202,2010,307766,44026,196593,65609,152580,22546,100187,28936,155186,21480,96406,36673
24202,2015,311031,41253,189755,75660,154674,21062,97762,33546,156357,20191,91993,42114
24203,2020,122765,14205,68102,39098,58161,7228,33445,16669,64604,6977,34657,22429
24203,2010,130271,16967,78666,33681,61482,8611,38340,14013,68789,8356,40326,19668
24203,2015,127817,15880,73987,37432,60467,8133,36053,15951,67350,7747,37934,21481
24204,2020,159145,19629,90248,47785,76360,10142,44555,20828,82785,9487,45693,26957
24204,2010,168017,22749,103016,41525,80960,11790,50985,17650,87057,10959,52031,23875
24204,2015,163863,21390,95765,45713,78548,11078,47150,19731,85315,10312,48615,25982
24205,2020,138613,17826,81466,37083,68084,9108,41113,16542,70529,8718,40353,20541
24205,2010,140290,20392,88084,29981,68914,10441,44101,13125,71376,9951,43983,16856
24205,2015,140303,19309,84198,34590,68740,9786,42210,15418,71563,9523,41988,19172
24207,2020,195670,22929,108792,47973,97350,11660,55252,21515,98320,11269,53540,26458
24207,2010,199293,30510,127780,38500,99925,15560,65352,17308,99368,14950,62428,21192
24207,2015,196403,26758,117737,45500,97500,13563,59680,20590,98903,13195,58057,24910
24208,2020,76387,9146,41820,24835,36853,4639,20651,11232,39534,4507,21169,13603
24208,2010,80284,10560,51424,18066,38438,5366,24910,8008,41846,5194,26514,10058
24208,2015,78795,10058,46149,22084,37908,5136,22555,9929,40887,4922,23594,12155
24209,2020,16252,1396,7323,7122,7562,700,3623,2994,8690,696,3700,4128
24209,2010,20033,2168,10645,7201,9353,1070,5222,3049,10680,1098,5423,4152
24209,2015,18009,1754,8833,7375,8382,879,4368,3100,9627,875,4465,4275
24210,2020,49835,6292,26400,12773,25161,3261,13749,5712,24674,3031,12651,7061
24210,2010,51023,7311,32400,10957,25904,3757,17028,4812,25119,3554,15372,6145
24210,2015,50254,7014,30083,12440,25226,3570,15707,5555,25028,3444,14376,6885
24211,2020,17525,1596,8890,6885,8255,852,4401,2906,9270,744,4489,3979
24211,2010,21435,2468,12541,6374,10086,1267,6217,2573,11349,1201,6324,3801
24211,2015,19448,1950,10621,6835,9082,1037,5201,2823,10366,913,5420,4012
24212,2020,15965,1525,7265,7113,7384,759,3608,2974,8581,766,3657,4139
24212,2010,19662,2078,10301,7252,9255,1060,5250,2918,10407,1018,5051,4334
24212,2015,17322,1731,8345,7226,7946,874,4110,2953,9376,857,4235,4273
24214,2020,44973,5479,26529,12301,23106,2826,14433,5461,21867,2653,12096,6840
24214,2010,45684,6345,29043,10282,23048,3235,15319,4481,22636,3110,13724,5801
24214,2015,45815,5856,27858,11575,23220,2992,14736,5124,22595,2864,13122,6451
24215,2020,46057,3968,22746,18818,21206,1989,11025,7911,24851,1979,11721,10907
24215,2010,54694,6212,30835,17588,25383,3177,14838,7314,29311,3035,15997,10274
24215,2015,50341,4941,26335,18648,23336,2511,12744,7848,27005,2430,13591,10800
24216,2020,88766,9603,47834,28933,43446,4886,24912,12426,45320,4717,22922,16507
24216,2010,97207,12164,58146,26733,47158,6281,29653,11080,50049,5883,28493,15653
24216,2015,90581,10763,51131,28668,43932,5488,26273,12158,46649,5275,24858,16510
24303,2020,6023,540,3118,2010,3032,264,1646,900,2991,276,1472,1110
24303,2010,6855,797,4466,1592,3430,409,2307,714,3425,388,2159,878
24303,2015,6357,653,3783,1919,3153,345,1950,856,3204,308,1833,1063
24324,2020,25784,3520,14229,8011,12614,1783,7110,3700,13170,1737,7119,4311
24324,2010,25661,3373,16946,5289,12524,1704,8343,2428,13137,1669,8603,2861
24324,2015,25344,3374,14704,6967,12353,1691,7239,3252,12991,1683,7465,3715
24341,2020,40559,5598,23816,10630,19868,2840,12094,4644,20691,2758,11722,5986
24341,2010,39978,6123,24553,9051,19424,3085,12344,3877,20554,3038,12209,5174
24341,2015,40210,5789,24067,10187,19584,2916,12138,4425,20626,2873,11929,5762
24343,2020,11021,2069,6797,2104,5488,1027,3511,918,5533,1042,3286,1186
24343,2010,9626,2025,5801,1757,4804,1058,2918,796,4822,967,2883,961
24343,2015,10560,2225,6017,2015,5229,1158,2992,893,5331,1067,3025,1122
24344,2020,15123,2173,10045,2848,7798,1128,5414,1227,7325,1045,4631,1621
24344,2010,14003,2312,9035,2487,7098,1179,4728,1063,6905,1133,4307,1424
24344,2015,14752,2364,9575,2735,7577,1253,5044,1222,7175,1111,4531,1513
24441,2020,14021,1752,7320,4848,6753,905,3693,2066,7268,847,3627,2782
24441,2010,15438,1935,8961,4417,7508,1002,4591,1815,7930,933,4370,2602
24441,2015,14878,1900,8189,4655,7275,998,4221,1966,7603,902,3968,2689
24442,2020,22445,2906,12450,7009,10666,1481,6122,3031,11779,1425,6328,3978
24442,2010,22833,3307,13829,5668,10865,1694,6728,2430,11968,1613,7101,3238
24442,2015,22586,3036,12880,6518,10738,1546,6282,2824,11848,1490,6598,3694
24443,2020,8668,807,4093,3755,4103,407,2047,1645,4565,400,2046,2110
24443,2010,10416,1170,5552,3689,4862,594,2708,1555,5554,576,2844,2134
24443,2015,9557,987,4765,3797,4520,499,2372,1644,5037,488,2393,2153
24461,2020,15041,2096,8548,4258,7184,1088,4174,1842,7857,1008,4374,2416
24461,2010,15297,2444,9367,3475,7347,1244,4625,1469,7950,1200,4742,2006
24461,2015,15431,2300,9011,3956,7406,1172,4438,1700,8025,1128,4573,2256
24470,2020,7847,878,4120,2834,3798,471,2067,1252,4049,407,2053,1582
24470,2010,8692,1166,5160,2365,4158,593,2581,984,4534,573,2579,1381
24470,2015,8309,1010,4652,2646,3975,535,2300,1140,4334,475,2352,1506
24471,2020,7815,565,3312,3934,3652,307,1648,1693,4163,258,1664,2241
24471,2010,9846,943,4947,3930,4610,494,2455,1647,5236,449,2492,2283
24471,2015,8939,758,4126,4039,4183,406,2055,1710,4756,352,2071,2329
24472,2020,10989,648,4442,5867,5095,338,2268,2471,5894,310,2174,3396
24472,2010,14791,1300,7101,6387,6922,684,3585,2651,7869,616,3516,3736
24472,2015,12788,860,5644,6278,5974,463,2879,2628,6814,397,2765,3650
24543,2020,14604,1165,6692,6686,6758,601,3283,2819,7846,564,3409,3867
24543,2010,18611,1984,9779,6781,8829,1026,4939,2799,9782,958,4840,3982
24543,2015,16338,1512,7888,6899,7579,765,3912,2867,8759,747,3976,4032
24561,2020,8079,859,3916,3301,3765,435,1948,1381,4314,424,1968,1920
24561,2010,9376,1252,4974,3150,4347,662,2404,1281,5029,590,2570,1869
24561,2015,8741,1046,4414,3279,4071,535,2199,1336,4670,511,2215,1943
24562,2020,10321,1165,5262,3867,4767,607,2541,1605,5554,558,2721,2262
24562,2010,11896,1627,6857,3379,5541,827,3302,1384,6355,800,3555,1995
24562,2015,11207,1391,6007,3786,5220,745,2896,1564,5987,646,3111,2222
25000,2020,1413610,191369,824781,365311,697429,98372,418619,162962,716181,92997,406162,202349
25000,2010,1410777,210753,897583,288788,696769,108496,453865,125682,714008,102257,443718,163106
25000,2015,1412916,203450,857720,337877,696941,104588,434079,150120,715975,98862,423641,187757
25201,2020,345070,45482,200166,90578,166673,23222,98283,40020,178397,22260,101883,50558
25201,2010,337634,49390,216319,68825,163250,25336,106010,30065,174384,24054,110309,38760
25201,2015,340973,47815,207110,83118,164799,24418,101790,36774,176174,23397,105320,46344
25202,2020,113647,14888,67948,28299,56492,7703,34951,12532,57155,7185,32997,15767
25202,2010,112156,16514,71225,22660,55173,8569,36032,9660,56983,7945,35193,13000
25202,2015,113679,15979,70040,26223,56090,8228,35591,11489,57589,7751,34449,14734
25203,2020,113636,14546,63648,32349,55406,7521,31872,14251,58230,7025,31776,18098
25203,2010,124131,18203,74715,29125,60973,9383,37805,12360,63158,8820,36910,16765
25203,2015,118193,16132,68787,31244,57703,8349,34748,13555,60490,7783,34039,17689
25204,2020,81122,11335,46578,22493,39676,5729,23559,10043,41446,5606,23019,12450
25204,2010,81738,11614,52044,17610,40111,5927,26140,7735,41627,5687,25904,9875
25204,2015,81312,11752,48372,20726,39822,5986,24291,9286,41490,5766,24081,11440
25206,2020,143913,19712,86272,30057,72646,10158,45213,13499,71267,9554,41059,16558
25206,2010,130874,18752,89186,21427,67819,9601,47429,9839,63055,9151,41757,11588
25206,2015,137247,19741,87537,26879,70129,10116,45791,12291,67118,9625,41746,14588
25207,2020,83236,13642,50266,18098,40872,6963,25001,8217,42364,6679,25265,9881
25207,2010,76560,13168,48596,13060,37659,6709,23875,6020,38901,6459,24721,7040
25207,2015,79859,13597,48523,16381,39315,6955,24128,7508,40544,6642,24395,8873
25208,2020,68820,11355,43973,13138,34110,5784,22235,5923,34710,5571,21738,7215
25208,2010,63655,12412,41828,9283,31762,6449,21009,4231,31893,5963,20819,5052
25208,2015,66749,12256,42658,11721,33186,6266,21512,5331,33563,5990,21146,6390
25209,2020,88358,11240,50912,24909,44014,5867,26203,11177,44344,5373,24709,13732
25209,2010,92704,13632,58002,20365,46058,7060,29662,8638,46646,6572,28340,11727
25209,2015,90901,12503,54758,23205,45070,6519,28123,10148,45831,5984,26635,13057
25210,2020,50513,7139,29647,13189,25121,3726,15186,5989,25392,3413,14461,7200
25210,2010,49955,7573,32084,9969,24807,3898,16200,4519,25148,3675,15884,5450
25210,2015,49889,7318,29963,11956,24644,3832,15028,5436,25245,3486,14935,6520
25211,2020,54460,7187,33062,13387,28168,3747,17662,6234,26292,3440,15400,7153
25211,2010,54614,8045,37155,9015,28199,4214,19558,4147,26415,3831,17597,4868
25211,2015,54289,7588,34727,11576,28117,3938,18457,5444,26172,3650,16270,6132
25212,2020,46377,4959,24449,16648,22762,2610,12514,7454,23615,2349,11935,9194
25212,2010,52486,6702,31098,14640,25566,3478,15743,6309,26920,3224,15355,8331
25212,2015,50025,5861,28055,16018,24460,3060,14235,7107,25565,2801,13820,8911
25213,2020,112819,15176,65768,30209,56296,7795,34027,13480,56523,7381,31741,16729
25213,2010,115479,17689,72126,24632,56872,9024,36716,10384,58607,8665,35410,14248
25213,2015,114180,16495,69096,28095,56601,8511,35461,12324,57579,7984,33635,15771
25214,2020,37225,4759,20960,11058,18051,2445,10523,4840,19174,2314,10437,6218
25214,2010,40060,5754,24057,10138,19475,3027,12114,4272,20585,2727,11943,5866
25214,2015,38719,5229,22646,10706,18825,2706,11386,4651,19894,2523,11260,6055
25383,2020,20964,2575,11656,6424,10555,1343,6125,2886,10409,1232,5531,3538
25383,2010,22870,3043,14217,5553,11394,1552,7506,2287,11476,1491,6711,3266
25383,2015,21873,2835,12840,6088,10884,1431,6688,2679,10989,1404,6152,3409
25384,2020,11789,1506,6897,3315,6192,786,3842,1516,5597,720,3055,1799
25384,2010,12916,1720,8756,2440,6841,936,4842,1063,6075,784,3914,1377
25384,2015,12434,1667,7788,2970,6516,880,4287,1341,5918,787,3501,1629
25425,2020,20893,3150,11474,4595,10373,1590,5856,2032,10520,1560,5618,2563
25425,2010,20118,3451,12577,3981,9935,1747,6426,1701,10183,1704,6151,2280
25425,2015,20778,3642,12570,4487,10325,1862,6441,1972,10453,1780,6129,2515
25441,2020,7132,1035,4069,1983,3458,512,2051,869,3674,523,2018,1114
25441,2010,7566,1074,4569,1853,3633,534,2328,733,3933,540,2241,1120
25441,2015,7422,1156,4273,1959,3595,561,2171,848,3827,595,2102,1111
25442,2020,6362,714,3477,2118,3060,377,1734,925,3302,337,1743,1193
25442,2010,7500,1009,4569,1919,3575,513,2263,798,3925,496,2306,1121
25442,2015,7039,926,4009,2098,3367,481,1992,891,3672,445,2017,1207
25443,2020,7274,969,3559,2464,3504,494,1782,1075,3770,475,1777,1389
25443,2010,7761,1008,4460,2293,3667,539,2207,921,4094,469,2253,1372
25443,2015,7355,958,3968,2427,3493,489,1959,1045,3862,469,2009,1382
26000,2020,2578087,293465,1467216,734493,1231468,150511,723486,314351,1346619,142954,743730,420142
26000,2010,2636092,334444,1653812,605709,1265387,170924,813740,257238,1370705,163520,840072,348471
26000,2015,2610353,313866,1539540,703419,1248972,160780,757513,302287,1361381,153086,782027,401132
26100,2020,1463723,153005,847046,394406,692279,78495,412684,165609,771444,74510,434362,228797
26100,2010,1474015,171090,935200,330047,701088,87299,456099,137007,772927,83791,479101,193040
26100,2015,1475183,162141,886422,381132,699748,82924,432209,160694,775435,79217,454213,220438
26101,2020,117165,11696,65757,32695,55738,5977,32468,13582,61427,5719,33289,19113
26101,2010,122037,13425,75381,28551,58053,6794,37260,11646,63984,6631,38121,16905
26101,2015,119474,12404,71026,32027,56984,6372,35250,13295,62490,6032,35776,18732
26102,2020,83832,7021,51097,22094,38518,3595,24222,9147,45314,3426,26875,12947
26102,2010,83264,7715,52614,20330,38404,3917,25062,8070,44860,3798,27552,12260
26102,2015,85113,7608,50468,21538,39212,3857,24034,8711,45901,3751,26434,12827
26103,2020,166039,17068,94764,44736,79943,8625,47112,18615,86096,8443,47652,26121
26103,2010,168802,17430,106712,38490,81838,8804,53849,15606,86964,8626,52863,22884
26103,2015,168266,17372,101520,43834,81338,8807,51221,18138,86928,8565,50299,25696
26104,2020,110488,11312,66427,25905,50549,5728,30634,10571,59939,5584,35793,15334
26104,2010,105306,10350,64392,22841,48686,5249,29958,9159,56620,5101,34434,13682
26104,2015,109341,11148,68725,26138,50377,5684,31973,10849,58964,5464,36752,15289
26105,2020,36602,2716,20201,11489,16078,1441,8996,4547,20524,1275,11205,6942
26105,2010,40528,2836,25012,11951,17138,1417,10812,4550,23390,1419,14200,7401
26105,2015,39044,2895,22142,12238,16694,1479,9632,4772,22350,1416,12510,7466
26106,2020,82784,7767,50506,17827,38121,4037,23612,7306,44663,3730,26894,10521
26106,2010,79287,7428,51295,17214,36727,3867,24117,6930,42560,3561,27178,10284
26106,2015,82668,7669,52671,18184,37933,3966,24479,7454,44735,3703,28192,10730
26107,2020,101970,11471,61989,25594,50617,5905,31761,11229,51353,5566,30228,14365
26107,2010,98744,12103,65700,20899,49350,6040,34203,9080,49394,6063,31497,11819
26107,2015,99927,11566,62692,24161,49725,5936,32250,10615,50202,5630,30442,13546
26108,2020,202047,21865,114420,54886,94873,11266,55417,23126,107174,10599,59003,31760
26108,2010,202943,24374,128242,45918,96381,12481,62142,19287,106562,11893,66100,26631
26108,2015,204262,23283,120369,53086,96673,11940,58580,22419,107589,11343,61789,30667
26109,2020,277858,30129,160493,78621,133097,15439,79866,32958,144761,14690,80627,45663
26109,2010,284085,36777,180521,61756,136306,18911,88934,25731,147779,17866,91587,36025
26109,2015,280655,33193,168374,73539,134441,17002,83219,31130,146214,16191,85155,42409
26110,2020,135101,13713,75339,40258,63532,7073,36903,17025,71569,6640,38436,23233
26110,2010,136045,16807,86560,31525,64866,8509,42303,13376,71179,8298,44257,18149
26110,2015,135471,15370,78506,38612,64273,7828,38339,16530,71198,7542,40167,22082
26111,2020,149837,18247,86053,40301,71213,9409,41693,17503,78624,8838,44360,22798
26111,2010,152974,21845,98771,30572,73339,11310,47459,13572,79635,10535,51312,17000
26111,2015,150962,19633,89929,37775,72098,10053,43232,16781,78864,9580,46697,20994
26201,2020,77306,10041,42693,22974,38504,5118,22462,9923,38802,4923,20231,13051
26201,2010,79652,11283,47112,20912,39045,5756,24380,8697,40607,5527,22732,12215
26201,2015,78935,10917,44673,22787,39156,5595,23522,9652,39779,5322,21151,13135
26202,2020,80336,9756,43185,25438,40244,4870,23278,10906,40092,4886,19907,14532
26202,2010,88669,12505,52945,23181,44347,6370,28249,9691,44322,6135,24696,13490
26202,2015,83990,11276,46768,25428,41694,5735,24869,10775,42296,5541,21899,14653
26203,2020,31846,3462,15767,12313,15239,1761,8029,5259,16607,1701,7738,7054
26203,2010,35836,4495,19396,11884,17036,2339,9698,4953,18800,2156,9698,6931
26203,2015,33821,3910,17349,12448,16197,2029,8829,5270,17624,1881,8520,7178
26204,2020,179630,21985,103635,53800,86301,11434,51306,23466,93329,10551,52329,30334
26204,2010,189609,27127,120688,40917,91971,14027,59039,18378,97638,13100,61649,22539
26204,2015,184678,24236,107970,49549,89014,12593,52844,22150,95664,11643,55126,27399
26205,2020,16758,1595,7873,7245,7942,832,4028,3046,8816,763,3845,4199
26205,2010,19948,2285,10713,6938,9375,1176,5407,2783,10573,1109,5306,4155
26205,2015,18426,1870,9186,7362,8726,968,4728,3024,9700,902,4458,4338
26206,2020,86174,10707,48207,25959,41654,5512,23810,11710,44520,5195,24397,14249
26206,2010,92399,13018,59738,19080,44889,6657,29440,8453,47510,6361,30298,10627
26206,2015,89479,11845,53179,23457,43267,6121,26041,10577,46212,5724,27138,12880
26207,2020,74607,8530,40018,25105,35864,4431,19704,11153,38743,4099,20314,13952
26207,2010,80037,10113,50350,19352,38622,5054,24596,8846,41415,5059,25754,10506
26207,2015,76869,9311,43399,23922,36952,4774,21151,10853,39917,4537,22248,13069
26208,2020,56859,7849,32857,15164,27119,4015,16052,6546,29740,3834,16805,8618
26208,2010,54328,7961,34484,11754,26159,4104,16807,5164,28169,3857,17677,6590
26208,2015,53380,7429,31453,14320,25387,3789,15240,6257,27993,3640,16213,8063
26209,2020,80608,11065,46950,22021,38793,5623,23233,9576,41815,5442,23717,12445
26209,2010,79844,11220,50100,16950,38837,5712,24578,7602,41007,5508,25522,9348
26209,2015,80090,11242,47839,20546,38789,5690,23619,9162,41301,5552,24220,11384
26210,2020,70433,8188,39701,22054,34030,4147,19809,9848,36403,4041,19892,12206
26210,2010,74227,10188,48105,15932,36381,5237,23816,7326,37846,4951,24289,8606
26210,2015,72664,9485,42516,20507,35212,4837,20977,9319,37452,4648,21539,11188
26211,2020,73753,10641,43138,17311,36111,5485,21480,7655,37642,5156,21658,9656
26211,2010,67910,10067,44909,12877,33683,5092,22697,5860,34227,4975,22212,7017
26211,2015,70835,10572,43750,15943,34728,5401,21805,7159,36107,5171,21945,8784
26212,2020,50860,5662,25593,19292,24357,2901,13096,8182,26503,2761,12497,11110
26212,2010,59038,8042,32718,18263,28235,4110,16611,7503,30803,3932,16107,10760
26212,2015,55054,6700,28907,19421,26353,3408,14788,8140,28701,3292,14119,11281
26213,2020,31629,3252,16680,11139,15392,1707,8536,4828,16237,1545,8144,6311
26213,2010,35214,3955,20632,10410,17174,2045,10693,4276,18040,1910,9939,6134
26213,2015,33145,3551,18240,10957,16057,1850,9360,4579,17088,1701,8880,6378
26214,2020,77907,12926,44873,19188,37295,6626,21681,8587,40612,6300,23192,10601
26214,2010,69761,11839,44746,12952,33531,6092,21410,5838,36230,5747,23336,7114
26214,2015,72840,12532,43272,16648,34805,6448,20680,7537,38035,6084,22592,9111
26303,2020,15953,2327,9183,4351,7710,1170,4578,1908,8243,1157,4605,2443
26303,2010,15121,2146,9274,3650,7340,1105,4545,1660,7781,1041,4729,1990
26303,2015,15181,2138,8895,4112,7385,1105,4417,1836,7796,1033,4478,2276
26322,2020,15250,1772,8361,4875,7432,906,4227,2164,7818,866,4134,2711
26322,2010,15914,2263,10117,3531,7780,1170,4993,1614,8134,1093,5124,1917
26322,2015,15805,2022,8883,4510,7699,1040,4424,2044,8106,982,4459,2466
26343,2020,7406,677,4124,2562,3594,367,2113,1087,3812,310,2011,1475
26343,2010,8447,1016,5212,2218,4129,545,2625,958,4318,471,2587,1260
26343,2015,7910,858,4585,2462,3840,454,2326,1057,4070,404,2259,1405
26344,2020,8911,1017,5187,2683,4501,531,2724,1226,4410,486,2463,1457
26344,2010,9711,1394,6163,2145,4798,703,3149,937,4913,691,3014,1208
26344,2015,9319,1196,5632,2488,4647,609,2912,1124,4672,587,2720,1364
26364,2020,1144,48,470,582,541,24,241,253,603,24,229,329
26364,2010,1626,120,893,613,764,65,442,257,862,55,451,356
26364,2015,1368,63,678,627,644,30,334,280,724,33,344,347
26365,2020,3478,237,1584,1655,1617,117,784,714,1861,120,800,941
26365,2010,4482,390,2629,1462,2111,201,1269,640,2371,189,1360,822
26365,2015,3956,328,2022,1606,1846,165,970,711,2110,163,1052,895
26366,2020,36198,5089,21907,9035,17226,2575,10483,4090,18972,2514,11424,4945
26366,2010,35630,6380,23197,6036,17079,3240,11052,2773,18551,3140,12145,3263
26366,2015,36376,5830,22705,7838,17390,2971,10829,3588,18986,2859,11876,4250
26367,2020,2391,154,1077,1158,1125,85,521,518,1266,69,556,640
26367,2010,3078,250,1742,1083,1464,142,852,468,1614,108,890,615
26367,2015,2652,175,1353,1105,1256,93,669,481,1396,82,684,624
26407,2020,12907,1083,6045,5705,6113,535,3067,2466,6794,548,2978,3239
26407,2010,15732,1783,8464,5481,7393,885,4222,2283,8339,898,4242,3198
26407,2015,14453,1389,7283,5769,6817,676,3659,2472,7636,713,3624,3297
26463,2020,1928,178,814,934,946,100,438,406,982,78,376,528
26463,2010,2410,200,1182,1028,1117,108,617,392,1293,92,565,636
26463,2015,2110,162,971,977,1006,88,531,387,1104,74,440,590
26465,2020,20092,2219,10248,7544,9539,1144,5122,3225,10553,1075,5126,4319
26465,2010,23454,3314,13103,7013,11039,1690,6454,2879,12415,1624,6649,4134
26465,2015,21834,2688,11610,7498,10357,1387,5780,3159,11477,1301,5830,4339
27000,2020,8837685,1029499,5199504,2361723,4235956,526362,2564194,1015345,4601729,503137,2635310,1346378
27000,2010,8865245,1165200,5648070,1962748,4285566,596004,2787336,852107,4579679,569196,2860734,1110641
27000,2015,8839469,1093111,5341654,2278324,4256049,558854,2635813,990815,4583420,534257,2705841,1287509
27100,2020,2752412,290649,1686757,676821,1326875,148667,835340,292460,1425537,141982,851417,384361
27100,2010,2665314,308093,1734432,598835,1293798,157579,867118,255515,1371516,150514,867314,343320
27100,2015,2691185,295298,1682798,668698,1302562,151063,837700,289561,1388623,144235,845098,379137
27102,2020,107904,11855,65956,25393,51763,6112,32438,10972,56141,5743,33518,14421
27102,2010,102632,11617,69011,20718,49534,5953,34232,8677,53098,5664,34779,12041
27102,2015,104727,11901,66489,24281,50528,6121,32735,10555,54199,5780,33754,13726
27103,2020,79328,9680,52725,14675,37633,4939,25437,6045,41695,4741,27288,8630
27103,2010,67290,7611,46011,12785,31818,3872,22313,5185,35472,3739,23698,7600
27103,2015,72484,8470,48395,14181,34168,4342,23298,5847,38316,4128,25097,8334
27104,2020,65251,7368,38420,17779,31610,3762,19550,7573,33641,3606,18870,10206
27104,2010,65569,7961,41950,15545,31949,4060,21242,6582,33620,3901,20708,8963
27104,2015,66656,7894,40818,17285,32580,4075,20682,7387,34076,3819,20136,9898
27106,2020,105862,12132,72783,15481,49586,6170,34354,6487,56276,5962,38429,8994
27106,2010,83058,8597,61864,12585,39283,4356,29795,5125,43775,4241,32069,7460
27106,2015,92430,10211,65514,14491,43582,5226,31167,6095,48848,4985,34347,8396
27107,2020,80948,8285,47811,21531,39498,4229,23992,9411,41450,4056,23819,12120
27107,2010,84947,9967,54559,19896,41761,5092,27616,8746,43186,4875,26943,11150
27107,2015,82035,8799,49585,21692,40096,4468,25098,9429,41939,4331,24487,12263
27108,2020,62083,6297,35413,19826,30164,3171,18040,8722,31919,3126,17373,11104
27108,2010,69510,8513,43058,17585,34147,4414,21962,7559,35363,4099,21096,10026
27108,2015,65141,7292,38152,19548,31794,3753,19450,8511,33347,3539,18702,11037
27109,2020,82148,10986,51695,15324,37988,5655,23933,6279,44160,5331,27762,9045
27109,2010,69775,8588,46849,12680,32307,4436,22010,5001,37468,4152,24839,7679
27109,2015,75729,9523,49163,14529,35201,4949,22915,5934,40528,4574,26248,8595
27111,2020,75504,5215,54418,13222,38393,2719,28032,6316,37111,2496,26386,6906
27111,2010,61745,3609,43967,11548,31306,1835,22958,5128,30439,1774,21009,6420
27111,2015,69766,4630,48428,12738,35475,2407,25073,5930,34291,2223,23355,6808
27113,2020,95864,10842,59239,24429,47067,5484,30062,10746,48797,5358,29177,13683
27113,2010,97504,13488,62777,20685,48303,6867,32279,8842,49201,6621,30498,11843
27113,2015,95490,12339,59469,23332,46979,6261,30373,10147,48511,6078,29096,13185
27114,2020,177120,16710,110322,42318,86660,8510,56374,18176,90460,8200,53948,24142
27114,2010,176585,19980,118866,35775,86952,10222,60495,15169,89633,9758,58371,20606
27114,2015,175530,18256,112436,41124,86372,9332,57386,17713,89158,8924,55050,23411
27115,2020,84906,8546,52177,20671,40341,4391,25272,8732,44565,4155,26905,11939
27115,2010,80231,9078,51820,18577,38410,4646,25767,7567,41821,4432,26053,11010
27115,2015,80563,8783,49930,20316,38547,4469,24594,8590,42016,4314,25336,11726
27116,2020,127309,11098,69989,37208,60309,5684,34921,15673,67000,5414,35068,21535
27116,2010,134009,14205,82742,36102,64191,7322,41548,14826,69818,6883,41194,21276
27116,2015,130167,11982,76786,40621,62670,6153,39094,17101,67497,5829,37692,23520
27117,2020,89670,9290,52468,26621,42676,4738,25929,11328,46994,4552,26539,15293
27117,2010,92455,10378,57478,24263,44289,5291,28868,9939,48166,5087,28610,14324
27117,2015,91608,9519,54894,26834,43760,4790,27408,11398,47848,4729,27486,15436
27118,2020,169043,20361,104015,42613,80220,10451,50717,18113,88823,9910,53298,24500
27118,2010,165832,21903,106951,36210,79519,11153,52655,15254,86313,10750,54296,20956
27118,2015,164697,20420,101894,41082,78463,10495,49879,17455,86234,9925,52015,23627
27119,2020,110995,14056,65950,27619,51160,7204,30970,11132,59835,6852,34980,16487
27119,2010,106350,12864,67213,25630,49015,6532,31998,10106,57335,6332,35215,15524
27119,2015,107626,13312,65949,27171,49519,6748,31174,10948,58107,6564,34775,16223
27120,2020,153056,16463,88910,41844,71193,8330,43068,17005,81863,8133,45842,24839
27120,2010,155572,19112,98097,37393,73145,9771,47828,14986,82427,9341,50269,22407
27120,2015,154239,18277,93184,41553,72068,9266,45335,16816,82171,9011,47849,24737
27121,2020,127849,14088,73906,36491,60161,7137,35826,15334,67688,6951,38080,21157
27121,2010,130724,15842,80731,33635,61923,8114,39721,13812,68801,7728,41010,19823
27121,2015,126299,14352,74568,36601,59645,7333,36630,15278,66654,7019,37938,21323
27122,2020,106111,6903,53196,38771,61300,3561,30194,22177,44811,3342,23002,16594
27122,2010,121972,9071,69435,41285,71871,4700,41502,24029,50101,4371,27933,17256
27122,2015,111883,7730,57633,41187,64639,4009,33333,24016,47244,3721,24300,17171
27123,2020,183444,17948,119665,40271,91327,9344,61675,17310,92117,8604,57990,22961
27123,2010,172078,18256,117819,34061,85078,9343,60475,14151,87000,8913,57344,19910
27123,2015,176201,18139,115840,39965,87316,9317,59455,17187,88885,8822,56385,22778
27124,2020,112691,16544,69064,25397,53166,8489,33523,10470,59525,8055,35541,14927
27124,2010,111182,18308,70672,21539,53279,9308,34540,9065,57903,9000,36132,12474
27124,2015,111557,17298,69038,24082,53439,8855,33754,10116,58118,8443,35284,13966
27125,2020,120072,12539,68120,36509,57611,6384,33837,15769,62461,6155,34283,20740
27125,2010,127210,15445,82120,28911,61007,7927,40377,12292,66203,7518,41743,16619
27125,2015,122988,13479,73428,34487,59131,6889,36287,15002,63857,6590,37141,19485
27126,2020,192152,21032,111618,53440,90568,10778,55089,22124,101584,10254,56529,31316
27126,2010,200005,28494,122469,48180,95072,14584,59923,20097,104933,13910,62546,28083
27126,2015,196633,24207,116351,53454,93242,12395,57349,22260,103391,11812,59002,31194
27127,2020,139376,12854,93449,23734,67805,6588,46498,9919,71571,6266,46951,13815
27127,2010,110392,9077,78636,20032,52754,4635,38610,8046,57638,4442,40026,11986
27127,2015,123667,10533,85198,22773,59820,5360,42251,9390,63847,5173,42947,13383
27128,2020,103726,9557,75448,15654,48676,4837,35609,6647,55050,4720,39839,9007
27128,2010,78687,6129,59337,13215,36885,3146,28404,5331,41802,2983,30933,7884
27128,2015,93069,7952,69656,15371,43528,4050,32980,6456,49541,3902,36676,8915
27140,2020,826161,102091,471667,233131,393961,52220,232514,99256,432200,49871,239153,133875
27140,2010,841966,117750,531324,189318,404756,60219,260201,82283,437210,57531,271123,107035
27140,2015,839310,112964,495966,224064,402379,57789,244243,96806,436931,55175,251723,127258
27141,2020,148682,15567,87217,40015,73620,8008,45119,17173,75062,7559,42098,22842
27141,2010,148748,17425,95491,34817,73950,8867,49623,14836,74798,8558,45868,19981
27141,2015,148205,16648,89499,39593,73157,8579,46416,16900,75048,8069,43083,22693
27142,2020,121236,16169,69471,33015,58081,8340,34449,14150,63155,7829,35022,18865
27142,2010,123532,18661,78625,25721,59757,9514,38789,11164,63775,9147,39836,14557
27142,2015,124543,18126,74366,31125,60183,9211,36884,13547,64360,8915,37482,17578
27143,2020,85043,10637,47086,25672,40398,5405,23081,10971,44645,5232,24005,14701
27143,2010,85444,11120,52926,21128,40760,5706,25683,9216,44684,5414,27243,11912
27143,2015,85189,11249,49089,24524,40457,5713,23955,10607,44732,5536,25134,13917
27144,2020,135375,18049,78818,35596,64546,9114,38891,15226,70829,8935,39927,20370
27144,2010,133622,20447,83719,29029,64402,10454,41181,12534,69220,9993,42538,16495
27144,2015,135746,20101,80848,34017,65315,10223,39898,14704,70431,9878,40950,19313
27145,2020,138464,15817,72947,48005,64156,8126,34480,20504,74308,7691,38467,27501
27145,2010,154779,21166,96280,36926,72444,10782,44735,16677,82335,10384,51545,20249
27145,2015,147626,18742,82722,45776,68799,9588,38819,20163,78827,9154,43903,25613
27146,2020,159757,21130,95504,39094,75052,10785,46245,16139,84705,10345,49259,22955
27146,2010,156561,23154,99789,32742,74495,11885,48248,13892,82066,11269,51541,18850
27146,2015,158845,22609,96920,38017,75581,11635,47181,16020,83264,10974,49739,21997
27147,2020,37604,4722,20624,11734,18108,2442,10249,5093,19496,2280,10375,6641
27147,2010,39280,5777,24494,8955,18948,3011,11942,3964,20332,2766,12552,4991
27147,2015,39156,5489,22522,11012,18887,2840,11090,4865,20269,2649,11432,6147
27202,2020,190658,23665,110325,53497,90424,12078,54307,22729,100234,11587,56018,30768
27202,2010,199234,30004,124918,43834,95730,15441,61230,18718,103504,14563,63688,25116
27202,2015,194911,26903,117058,50357,93160,13817,57399,21603,101751,13086,59659,28754
27203,2020,401558,54916,240797,105379,188931,28227,116117,44292,212627,26689,124680,61087
27203,2010,389341,53886,249138,85676,185103,27742,120781,36192,204238,26144,128357,49484
27203,2015,395479,53939,239768,99979,187319,27585,116311,42327,208160,26354,123457,57652
27204,2020,104993,12844,61529,27786,49992,6485,30451,11770,55001,6359,31078,16016
27204,2010,104229,13740,67083,22777,50721,7067,33485,9745,53508,6673,33598,13032
27204,2015,103069,13229,62134,26342,49372,6757,30610,11308,53697,6472,31524,15034
27205,2020,385567,51990,231248,88508,185305,26643,113550,37326,200262,25347,117698,51182
27205,2010,355798,50163,234339,69823,171769,25692,115418,29787,184029,24471,118921,40036
27205,2015,374468,51299,232245,84369,180669,26336,114723,35995,193799,24963,117522,48374
27206,2020,74412,8927,45189,18939,35224,4542,22084,7988,39188,4385,23105,10951
27206,2010,77548,12428,49570,15344,36972,6331,24181,6382,40576,6097,25389,8962
27206,2015,75897,10541,47014,18005,36207,5360,23096,7581,39690,5181,23918,10424
27207,2020,352698,43042,200510,102233,168081,21967,98166,43811,184617,21075,102344,58422
27207,2010,357359,48432,224840,82863,171927,24927,109159,37057,185432,23505,115681,45806
27207,2015,351829,45483,206532,96684,168057,23146,100446,42388,183772,22337,106086,54296
27208,2020,84443,10856,49800,23013,40482,5594,24574,9904,43961,5262,25226,13109
27208,2010,90519,14459,56486,19494,43665,7349,27866,8383,46854,7110,28620,11111
27208,2015,88694,13109,53387,21996,42581,6713,26242,9509,46113,6396,27145,12487
27209,2020,143096,15437,83146,40885,69204,7939,41659,17450,73892,7498,41487,23435
27209,2010,146697,18235,91736,35832,71272,9271,45939,15468,75425,8964,45797,20364
27209,2015,143042,14704,79995,39163,68987,7510,39856,16735,74055,7194,40139,22428
27210,2020,397289,45276,212620,110284,188191,22906,102473,47779,209098,22370,110147,62505
27210,2010,407978,55763,258162,86742,195570,28435,124149,38917,212408,27328,134013,47825
27210,2015,404152,51925,233387,105394,192816,26593,112137,46755,211336,25332,121250,58639
27211,2020,287730,39221,171964,68701,138658,20116,84334,29902,149072,19105,87630,38799
27211,2010,274822,40854,178978,53491,133621,20905,88073,23738,141201,19949,90905,29753
27211,2015,280033,40576,171442,64953,135705,20898,84383,28575,144328,19678,87059,36378
27212,2020,264642,31874,153071,74907,125858,16215,75448,31672,138784,15659,77623,43235
27212,2010,271460,35846,164070,62524,131121,18368,80775,27135,140339,17478,83295,35389
27212,2015,268800,34379,158364,72703,128284,17444,77885,31130,140516,16935,80479,41573
27213,2020,100131,11488,60883,26232,47828,5936,29962,10997,52303,5552,30921,15235
27213,2010,100801,14788,64209,21761,48161,7638,31526,8976,52640,7150,32683,12785
27213,2015,100966,12961,62181,24968,48506,6736,30781,10504,52460,6225,31400,14464
27214,2020,108699,12109,62665,32782,50919,6164,29924,14286,57780,5945,32741,18496
27214,2010,119576,16079,76515,26173,56778,8220,36624,11489,62798,7859,39891,14684
27214,2015,113984,13698,69034,30821,53693,6996,32956,13545,60291,6702,36078,17276
27215,2020,229733,25895,129383,68059,110807,13336,64693,29122,118926,12559,64690,38937
27215,2010,238204,30181,149989,55011,116132,15471,74142,24615,122072,14710,75847,30396
27215,2015,237518,25901,143006,68072,115131,13177,71036,30644,122387,12724,71970,37428
27216,2020,101692,10330,54254,36016,47392,5299,25740,15905,54300,5031,28514,20111
27216,2010,112490,14137,70200,28153,52964,7229,33165,12570,59526,6908,37035,15583
27216,2015,106987,11696,61214,33289,50182,5989,29042,14791,56805,5707,32172,18498
27217,2020,117641,12546,66990,35266,56535,6475,33278,15052,61106,6071,33712,20214
27217,2010,124594,17106,77488,29905,60017,8709,38160,13092,64577,8397,39328,16813
27217,2015,120750,14556,70991,34335,58096,7476,35148,14870,62654,7080,35843,19465
27218,2020,119367,13870,70833,31451,57939,7099,35664,13761,61428,6771,35169,17690
27218,2010,127534,18120,82090,26415,63810,9224,41905,11918,63724,8896,40185,14497
27218,2015,123217,15638,74562,31077,60302,7910,37655,13777,62915,7728,36907,17300
27219,2020,184495,24884,109891,46995,88751,12601,54077,20399,95744,12283,55814,26596
27219,2010,184988,29049,116274,34510,89613,14881,56885,15163,95375,14168,59389,19347
27219,2015,186109,27802,114623,42145,89868,14130,56360,18460,96241,13672,58263,23685
27220,2020,136868,20385,80023,35261,64992,10401,38902,15161,71876,9984,41121,20100
27220,2010,129895,17610,84302,27850,62468,9045,40910,12409,67427,8565,43392,15441
27220,2015,133411,17971,75763,32778,63938,9189,36790,14352,69473,8782,38973,18426
27221,2020,68775,7611,40004,19964,32955,3891,19714,8645,35820,3720,20290,11319
27221,2010,74773,10054,48661,15900,35854,5167,23712,6890,38919,4887,24949,9010
27221,2015,71112,8674,43343,18719,33978,4445,21167,8142,37134,4229,22176,10577
27222,2020,108736,12338,61958,33318,51034,6214,30154,14141,57702,6124,31804,19177
27222,2010,117681,16680,73221,27678,55737,8441,35366,11872,61944,8239,37855,15806
27222,2015,112683,14371,66057,31843,53243,7289,32006,13719,59440,7082,34051,18124
27223,2020,119764,11764,70541,35573,58772,6004,36213,15508,60992,5760,34328,20065
27223,2010,130282,17041,83053,29774,64423,8740,42122,13283,65859,8301,40931,16491
27223,2015,123576,14182,74181,34289,60620,7207,37738,15069,62956,6975,36443,19220
27224,2020,87456,10852,52197,22099,43166,5536,26762,9782,44290,5316,25435,12317
27224,2010,83720,11865,54930,16738,42230,6076,28416,7593,41490,5789,26514,9145
27224,2015,85007,11403,52471,20623,42365,5827,26984,9263,42642,5576,25487,11360
27225,2020,55635,7006,32402,15666,26336,3563,15892,6608,29299,3443,16510,9058
27225,2010,59572,8861,37192,13446,28430,4473,18304,5608,31142,4388,18888,7838
27225,2015,56529,7613,33597,15223,26856,3814,16520,6469,29673,3799,17077,8754
27226,2020,63688,7725,36982,18074,29951,3992,17846,7715,33737,3733,19136,10359
27226,2010,66165,9325,41754,15013,31306,4708,20100,6458,34859,4617,21654,8555
27226,2015,65438,8621,38975,17413,30809,4406,18757,7453,34629,4215,20218,9960
27227,2020,493940,52269,283589,135791,240288,26704,142872,58263,253652,25565,140717,77528
27227,2010,509533,62228,309366,114601,249964,31650,155294,50450,259569,30578,154072,64151
27227,2015,502784,59078,295365,134685,246053,30167,147997,59499,256731,28911,147368,75186
27228,2020,60102,7512,34209,17776,28718,3865,16868,7732,31384,3647,17341,10044
27228,2010,64403,10325,39510,14566,30915,5185,19375,6353,33488,5140,20135,8213
27228,2015,62438,8926,36127,16799,29859,4527,17706,7347,32579,4399,18421,9452
27229,2020,55177,6925,32625,15149,26744,3536,16300,6594,28433,3389,16325,8555
27229,2010,57554,8721,34629,11623,28138,4513,17044,5297,29416,4208,17585,6326
27229,2015,56075,7892,33271,14261,27468,4135,16618,6317,28607,3757,16653,7944
27230,2020,75033,9641,43621,21581,35805,4926,21263,9531,39228,4715,22358,12050
27230,2010,77686,11832,49197,16617,37442,6024,23855,7538,40244,5808,25342,9079
27230,2015,76435,10623,45681,20048,36661,5474,22163,8983,39774,5149,23518,11065
27231,2020,58435,7924,33101,16429,27409,4026,15798,7001,31026,3898,17303,9428
27231,2010,58227,8323,36892,12915,27534,4254,17548,5665,30693,4069,19344,7250
27231,2015,57792,7932,34114,15419,27208,4063,16312,6629,30584,3869,17802,8790
27232,2020,51254,5615,28470,17072,24250,2873,13780,7555,27004,2742,14690,9517
27232,2010,56646,8079,35721,12726,27022,4106,17133,5726,29624,3973,18588,7000
27232,2015,54276,6847,31830,15566,25782,3434,15325,6998,28494,3413,16505,8568
27301,2020,30927,4589,17749,8491,14604,2294,8562,3681,16323,2295,9187,4810
27301,2010,28935,4127,18605,6192,13846,2113,8997,2728,15089,2014,9608,3464
27301,2015,29983,4385,17826,7656,14289,2229,8591,3399,15694,2156,9235,4257
27321,2020,18279,1201,8387,8666,8676,625,4016,4019,9603,576,4371,4647
27321,2010,21989,2098,13800,6054,10439,1112,6438,2870,11550,986,7362,3184
27321,2015,19934,1573,10607,7752,9451,828,4958,3664,10483,745,5649,4088
27322,2020,9079,606,4579,3767,4361,295,2245,1740,4718,311,2334,2027
27322,2010,11650,1194,7271,3184,5556,616,3595,1344,6094,578,3676,1840
27322,2015,10256,822,5864,3569,4899,423,2896,1579,5357,399,2968,1990
27341,2020,16567,1968,9791,4778,7965,1003,4968,1977,8602,965,4823,2801
27341,2010,18149,2727,10748,4112,8729,1402,5339,1708,9420,1325,5409,2404
27341,2015,17298,2396,10145,4737,8281,1203,5083,1979,9017,1193,5062,2758
27361,2020,43763,5665,24799,12444,21310,2955,12298,5562,22453,2710,12501,6882
27361,2010,45069,6730,29172,9133,21992,3483,14253,4238,23077,3247,14919,4895
27361,2015,44435,6182,26634,11412,21679,3181,13158,5189,22756,3001,13476,6223
27362,2020,8434,1165,5202,1996,4176,608,2693,848,4258,557,2509,1148
27362,2010,8085,1367,4977,1733,3951,688,2520,737,4134,679,2457,996
27362,2015,8417,1245,5151,1920,4227,627,2735,816,4190,618,2416,1104
27366,2020,14741,1173,7404,5966,6816,619,3622,2518,7925,554,3782,3448
27366,2010,17504,1925,10150,5341,8057,972,4846,2194,9447,953,5304,3147
27366,2015,15938,1567,8553,5787,7388,794,4116,2462,8550,773,4437,3325
27381,2020,13009,1553,7476,3844,6331,803,3731,1708,6678,750,3745,2136
27381,2010,14220,2226,8988,3003,6916,1122,4471,1321,7304,1104,4517,1682
27381,2015,13748,1861,8266,3553,6723,952,4140,1582,7025,909,4126,1971
27382,2020,15697,1685,8615,4901,7621,905,4235,2196,8076,780,4380,2705
27382,2010,17040,2140,10567,4190,8292,1098,5243,1851,8748,1042,5324,2339
27382,2015,16126,1870,9441,4672,7838,960,4731,2066,8288,910,4710,2606
27383,2020,4909,417,2258,2232,2319,215,1105,999,2590,202,1153,1233
27383,2010,6015,609,3523,1878,2825,318,1673,831,3190,291,1850,1047
27383,2015,5378,476,2691,2186,2558,255,1313,975,2820,221,1378,1211
28000,2020,5465002,660205,3075863,1546543,2599756,338142,1500270,664883,2865246,322063,1575593,881660
28000,2010,5588133,759277,3515442,1281486,2673328,388154,1718449,548005,2914805,371123,1796993,733481
28000,2015,5534800,706871,3280212,1481646,2641561,361675,1602852,639761,2893239,345196,1677360,841885
28100,2020,1525152,171315,843645,419161,716452,87893,403562,178066,808700,83422,440083,241095
28100,2010,1544200,194963,980959,354218,731114,99657,473209,149917,813086,95306,507750,204301
28100,2015,1537272,185084,921967,411427,726700,94580,445463,175824,810572,90504,476504,235603
28101,2020,213562,26649,123659,50482,99420,13677,57763,21111,114142,12972,65896,29371
28101,2010,210408,29617,138228,41526,98821,15116,65935,17131,111587,14501,72293,24395
28101,2015,213634,28123,132846,49623,100886,14419,63739,20900,112748,13704,69107,28723
28102,2020,136747,16059,78114,33112,63549,8203,37296,13371,73198,7856,40818,19741
28102,2010,133451,16396,85667,29860,63003,8399,41481,12130,70448,7997,44186,17730
28102,2015,136088,16493,84284,33522,64302,8382,41095,13702,71786,8111,43189,19820
28105,2020,109144,9815,60038,29278,52901,4998,29944,12328,56243,4817,30094,16950
28105,2010,108304,10535,65135,30002,52483,5328,32893,12689,55821,5207,32242,17313
28105,2015,106956,10133,63028,32099,52619,5157,32353,13963,54337,4976,30675,18136
28106,2020,94791,8261,48679,30875,44662,4284,24167,12714,50129,3977,24512,18161
28106,2010,101624,10839,60393,29901,47657,5546,29754,12069,53967,5293,30639,17832
28106,2015,97912,9657,55202,31825,45842,5003,27215,12993,52070,4654,27987,18832
28107,2020,158719,17077,84297,50399,73064,8691,39470,21238,85655,8386,44827,29161
28107,2010,167475,20147,104546,42060,77616,10345,48925,17932,89859,9802,55621,24128
28107,2015,162468,18473,93424,49167,74795,9320,43724,20872,87673,9153,49700,28295
28108,2020,215302,27359,114792,63128,100260,14119,54694,26483,115042,13240,60098,36645
28108,2010,220411,28711,136506,54608,103928,14620,65818,23174,116483,14091,70688,31434
28108,2015,219474,28813,126296,62261,102740,14836,60534,26231,116734,13977,65762,36030
28109,2020,210492,24766,114238,65667,99465,12677,54972,28651,111027,12089,59266,37016
28109,2010,226836,31772,142101,52492,107531,16273,67919,23034,119305,15499,74182,29458
28109,2015,219805,28194,126853,62118,103783,14419,60714,27250,116022,13775,66139,34868
28110,2020,147518,12699,84360,31090,68236,6407,39643,12709,79282,6292,44717,18381
28110,2010,126393,10829,82184,28696,59240,5493,39345,11784,67153,5336,42839,16912
28110,2015,135153,11711,86471,33518,63013,5827,41299,14085,72140,5884,45172,19433
28111,2020,238877,28630,135468,65130,114895,14837,65613,29461,123982,13793,69855,35669
28111,2010,249298,36117,166199,45073,120835,18537,81139,19974,128463,17580,85060,25099
28111,2015,245782,33487,153563,57294,118720,17217,74790,25828,127062,16270,78773,31466
28201,2020,530495,69356,310280,142411,256616,35490,155233,60919,273879,33866,155047,81492
28201,2010,536270,80093,338884,115703,259320,40945,168148,49234,276950,39148,170736,66469
28201,2015,535664,75155,324094,134671,258724,38542,161344,57729,276940,36613,162750,76942
28202,2020,459593,47978,246316,120113,222293,24690,121181,51240,237300,23288,125135,68873
28202,2010,453748,53922,289125,106070,221216,27498,145020,45857,232532,26424,144105,60213
28202,2015,452563,50036,265526,121155,219059,25442,131882,52374,233504,24594,133644,68781
28203,2020,303601,41155,177638,79617,146746,21041,88285,34406,156855,20114,89353,45211
28203,2010,290959,40266,184936,61866,141344,20507,91595,27096,149615,19759,93341,34770
28203,2015,293409,39714,178803,74142,141801,20209,88677,32394,151608,19505,90126,41748
28204,2020,485587,64958,293519,115944,226105,33125,138943,48968,259482,31833,154576,66976
28204,2010,482640,71847,313110,92399,227660,37044,148778,39050,254980,34803,164332,53349
28204,2015,487850,66025,293369,109205,228354,33914,138077,46758,259496,32111,155292,62447
28205,2020,41236,4339,21327,15169,19635,2274,10544,6580,21601,2065,10783,8589
28205,2010,47254,6109,27608,13484,22449,3109,13636,5673,24805,3000,13972,7811
28205,2015,44258,5168,24238,14712,20992,2663,11846,6394,23266,2505,12392,8318
28206,2020,93922,11455,52989,27654,42008,5816,24085,11339,51914,5639,28904,16315
28206,2010,93238,12635,58820,21570,42385,6465,26890,8912,50853,6170,31930,12658
28206,2015,95350,12518,56130,25943,43089,6389,25577,10735,52261,6129,30553,15208
28207,2020,198138,27159,119497,51476,95630,13830,59705,22091,102508,13329,59792,29385
28207,2010,196127,29644,127087,39275,95665,15035,63336,17223,100462,14609,63751,22052
28207,2015,196883,27762,121160,47286,95641,14113,60467,20601,101242,13649,60693,26685
28208,2020,28355,3238,14479,10414,13592,1660,7356,4440,14763,1578,7123,5974
28208,2010,31158,3617,18337,9149,14972,1885,9238,3812,16186,1732,9099,5337
28208,2015,30129,3365,16316,10348,14511,1705,8299,4412,15618,1660,8017,5936
28209,2020,77489,9482,41006,26522,37303,4846,20772,11385,40186,4636,20234,15137
28209,2010,85592,11893,49523,24144,40791,6073,24685,10008,44801,5820,24838,14136
28209,2015,82250,10620,45281,25983,39494,5449,22770,11052,42756,5171,22511,14931
28210,2020,260878,32871,151933,72332,127473,16848,76621,32198,133405,16023,75312,40134
28210,2010,266937,39271,172184,55078,130931,20135,85764,24768,136006,19136,86420,30310
28210,2015,267435,36724,163163,66824,131170,18819,82041,29908,136265,17905,81122,36916
28212,2020,45892,5217,25047,15093,22095,2727,12547,6501,23797,2490,12500,8592
28212,2010,50523,6970,30603,12888,24183,3603,15092,5448,26340,3367,15511,7440
28212,2015,48567,6064,27715,14623,23331,3172,13785,6259,25236,2892,13930,8364
28213,2020,38673,4568,20732,12974,18540,2392,10412,5507,20133,2176,10320,7467
28213,2010,42802,5977,25061,11734,20555,3080,12550,4903,22247,2897,12511,6831
28213,2015,40866,5248,22907,12652,19512,2713,11412,5349,21354,2535,11495,7303
28214,2020,226432,29195,129846,63689,103655,14803,60273,26801,122777,14392,69573,36888
28214,2010,225700,32168,142599,50453,105289,16149,67014,21824,120411,16019,75585,28629
28214,2015,224903,29691,130976,59733,104215,15057,60849,25688,120688,14634,70127,34045
28215,2020,75294,8230,40261,26408,36259,4198,20050,11759,39035,4032,20211,14649
28215,2010,81009,10197,49512,21262,38862,5237,24138,9456,42147,4960,25374,11806
28215,2015,77178,8996,43612,24530,37061,4599,21480,10954,40117,4397,22132,13576
28216,2020,87722,11169,50316,25596,42379,5591,25176,11297,45343,5578,25140,14299
28216,2010,93901,13450,60280,20059,45903,6800,30219,8796,47998,6650,30061,11263
28216,2015,91030,12137,54718,23967,44397,6188,27426,10621,46633,5949,27292,13346
28217,2020,152321,18392,84625,49188,71289,9463,40407,21364,81032,8929,44218,27824
28217,2010,156423,21727,94176,40398,73930,11137,44523,18184,82493,10590,49653,22214
28217,2015,156375,20347,88809,47024,73882,10409,42508,20832,82493,9938,46301,26192
28218,2020,47562,6325,27104,13844,23232,3333,13641,6107,24330,2992,13463,7737
28218,2010,49680,7638,30893,11125,24148,3910,15407,4808,25532,3728,15486,6317
28218,2015,48580,7052,28711,12647,23730,3656,14390,5586,24850,3396,14321,7061
28219,2020,109238,13945,65910,28853,52322,7207,31508,13321,56916,6738,34402,15532
28219,2010,114216,16051,78588,19286,55175,8287,38347,8333,59041,7764,40241,10953
28219,2015,112691,14634,73966,23952,54184,7563,35697,10845,58507,7071,38269,13107
28220,2020,42700,4596,23521,14366,21077,2335,12202,6371,21623,2261,11319,7995
28220,2010,47993,6162,29457,12364,23392,3168,14993,5222,24601,2994,14464,7142
28220,2015,44313,5125,25623,13486,21653,2622,13045,5922,22660,2503,12578,7564
28221,2020,39611,4470,20427,13862,18811,2288,10001,6068,20800,2182,10426,7794
28221,2010,43263,5398,25493,12346,20616,2842,12687,5068,22647,2556,12806,7278
28221,2015,41490,4890,22896,13420,19760,2516,11348,5723,21730,2374,11548,7697
28222,2020,22129,2447,10876,8750,10623,1285,5480,3823,11506,1162,5396,4927
28222,2010,26501,3316,14419,8759,12699,1728,7295,3669,13802,1588,7124,5090
28222,2015,24288,2820,12655,8781,11694,1478,6427,3767,12594,1342,6228,5014
28223,2020,61471,7433,32235,21535,29464,3775,16165,9349,32007,3658,16070,12186
28223,2010,67757,9427,38768,19512,32138,4746,19289,8071,35619,4681,19479,11441
28223,2015,64660,8352,35361,20902,30793,4269,17553,8942,33867,4083,17808,11960
28224,2020,44137,5190,22362,15956,21114,2635,11152,7000,23023,2555,11210,8956
28224,2010,49834,6387,28791,14616,23809,3234,14401,6148,26025,3153,14390,8468
28224,2015,46912,5760,25404,15679,22445,2888,12701,6819,24467,2872,12703,8860
28225,2020,28989,3394,14817,10351,13893,1738,7457,4431,15096,1656,7360,5920
28225,2010,32814,4320,18524,9948,15727,2242,9389,4080,17087,2078,9135,5868
28225,2015,30805,3822,16663,10225,14810,2013,8387,4333,15995,1809,8276,5892
28226,2020,41967,4495,20946,16265,19872,2242,10380,7103,22095,2253,10566,9162
28226,2010,46459,5377,26020,15062,22016,2796,12965,6255,24443,2581,13055,8807
28226,2015,43977,4944,22995,15874,20808,2550,11406,6774,23169,2394,11589,9100
28227,2020,34819,4000,18121,12648,16635,2084,9060,5460,18184,1916,9061,7188
28227,2010,40938,5726,23842,11369,19333,2905,11820,4608,21605,2821,12022,6761
28227,2015,37773,4829,20813,12118,18024,2486,10393,5137,19749,2343,10420,6981
28228,2020,40645,5119,23844,10757,19956,2569,12124,4785,20689,2550,11720,5972
28228,2010,40181,5805,25515,8861,19738,2927,12982,3829,20443,2878,12533,5032
28228,2015,40310,5426,24522,10161,19619,2727,12310,4454,20691,2699,12212,5707
28229,2020,74316,8995,40382,22963,35918,4669,20156,9937,38398,4326,20226,13026
28229,2010,80518,11253,49966,19223,38727,5736,24917,8031,41791,5517,25049,11192
28229,2015,77419,10188,45127,21867,37260,5232,22509,9376,40159,4956,22618,12491
28301,2020,29680,3839,16422,9411,13975,1954,7769,4247,15705,1885,8653,5164
28301,2010,31739,5094,20051,6582,14997,2596,9530,2864,16742,2498,10521,3718
28301,2015,30838,4651,18087,8095,14550,2385,8561,3601,16288,2266,9526,4494
28365,2020,19261,1951,9809,7306,9311,1004,5001,3204,9950,947,4808,4102
28365,2010,23104,3219,13134,6751,11128,1657,6629,2842,11976,1562,6505,3909
28365,2015,21200,2580,11405,7201,10208,1346,5729,3125,10992,1234,5676,4076
28381,2020,30268,3820,16615,9716,14775,2002,8345,4349,15493,1818,8270,5367
28381,2010,31026,4199,19618,7198,15175,2169,9661,3337,15851,2030,9957,3861
28381,2015,31020,4110,17911,8974,15218,2145,8897,4155,15802,1965,9014,4819
28382,2020,33604,4785,19308,9160,16332,2435,9654,4062,17272,2350,9654,5098
28382,2010,33183,4764,21434,6956,16241,2459,10535,3225,16942,2305,10899,3731
28382,2015,33739,4933,20319,8441,16409,2535,10041,3806,17330,2398,10278,4635
28442,2020,11231,1124,5894,4184,5482,572,2975,1919,5749,552,2919,2265
28442,2010,13288,1583,7985,3718,6401,775,4023,1601,6887,808,3962,2117
28442,2015,12300,1310,6915,4060,5977,656,3498,1813,6323,654,3417,2247
28443,2020,19377,2442,10516,5454,9461,1249,5214,2365,9916,1193,5302,3089
28443,2010,19830,2724,12336,4689,9372,1373,5936,2024,10458,1351,6400,2665
28443,2015,19738,2698,11603,5360,9422,1328,5709,2337,10316,1370,5894,3023
28446,2020,10616,1151,5399,4055,4958,564,2638,1747,5658,587,2761,2308
28446,2010,12289,1614,6918,3755,5736,792,3427,1516,6553,822,3491,2239
28446,2015,11452,1329,6217,3904,5371,662,3052,1655,6081,667,3165,2249
28464,2020,33477,4844,19172,9045,16253,2539,9485,4016,17224,2305,9687,5029
28464,2010,33438,5793,21073,6539,16217,2948,10300,2944,17221,2845,10773,3595
28464,2015,33690,5518,19892,8247,16369,2872,9765,3703,17321,2646,10127,4544
28481,2020,13879,1239,6882,5454,6717,669,3497,2395,7162,570,3385,3059
28481,2010,16636,2017,9908,4710,7975,1069,4943,1962,8661,948,4965,2748
28481,2015,15224,1686,8301,5235,7329,895,4170,2262,7895,791,4131,2973
28501,2020,15863,1462,7533,6853,7567,753,3868,2934,8296,709,3665,3919
28501,2010,19265,2160,10556,6544,9106,1117,5354,2631,10159,1043,5202,3913
28501,2015,17510,1787,9026,6695,8329,933,4597,2798,9181,854,4429,3897
28585,2020,16064,1661,7870,6530,7636,840,4035,2759,8428,821,3835,3771
28585,2010,19696,2495,10680,6521,9364,1283,5414,2667,10332,1212,5266,3854
28585,2015,18070,2065,9374,6630,8659,1076,4861,2721,9411,989,4513,3909
28586,2020,13318,1401,6442,5464,6302,714,3311,2270,7016,687,3131,3194
28586,2010,16004,2006,8669,5302,7529,1036,4370,2109,8475,970,4299,3193
28586,2015,14819,1708,7642,5467,7007,879,3903,2223,7812,829,3739,3244
29000,2020,1324473,154271,737675,414576,623926,78715,355441,180145,700547,75556,382234,234431
29000,2010,1400728,184011,875062,333746,663321,94128,419618,144741,737407,89883,455444,189005
29000,2015,1364316,168970,796552,388614,643946,86393,382752,169346,720370,82577,413800,219268
29201,2020,354630,39706,197673,110212,164846,20229,93359,47204,189784,19477,104314,63008
29201,2010,366591,46147,231222,86154,171410,23547,109231,36950,195181,22600,121991,49204
29201,2015,360310,42796,212572,102416,167899,21750,100576,44221,192411,21046,111996,58195
29202,2020,61744,5978,35924,19318,28981,3044,17354,8376,32763,2934,18570,10942
29202,2010,68451,8527,44204,15720,32237,4340,21160,6737,36214,4187,23044,8983
29202,2015,64817,6880,39702,18097,30438,3505,19151,7705,34379,3375,20551,10392
29203,2020,83285,9044,45680,27301,39249,4573,22270,11810,44036,4471,23410,15491
29203,2010,89023,11356,55066,21822,42414,5846,26614,9502,46609,5510,28452,12320
29203,2015,87050,10367,50119,25677,41255,5283,24224,11243,45795,5084,25895,14434
29204,2020,63889,7701,38373,16877,31275,3964,19405,7419,32614,3737,18968,9458
29204,2010,69178,9323,44793,14364,33781,4809,22380,6178,35397,4514,22413,8186
29204,2015,67398,8441,42135,16156,32993,4431,21140,7093,34405,4010,20995,9063
29205,2020,120922,14419,69671,34502,57336,7355,33603,15062,63586,7064,36068,19440
29205,2010,125605,17506,79544,26945,59879,8968,38015,11851,65726,8538,41529,15094
29205,2015,124111,16143,74614,32188,58888,8234,35869,14141,65223,7909,38745,18047
29206,2020,54857,6330,30665,17491,25909,3211,14902,7629,28948,3119,15763,9862
29206,2010,60146,7846,37462,14642,28409,4068,18013,6238,31737,3778,19449,8404
29206,2015,57244,7037,33687,16419,27060,3641,16289,7087,30184,3396,17398,9332
29207,2020,27927,2049,13295,10360,13180,992,6584,4452,14747,1057,6711,5908
29207,2010,34460,3937,20550,9973,16274,2047,10131,4096,18186,1890,10419,5877
29207,2015,30997,3019,17444,10528,14577,1539,8579,4455,16420,1480,8865,6073
29208,2020,24096,1843,12075,10102,11122,935,5896,4262,12974,908,6179,5840
29208,2010,30287,2999,17695,9593,14110,1511,8626,3973,16177,1488,9069,5620
29208,2015,26868,2337,14471,9976,12499,1179,7130,4150,14369,1158,7341,5826
29209,2020,116675,16057,66351,33430,55107,8227,31611,14818,61568,7830,34740,18612
29209,2010,118113,17557,75574,24556,56311,8983,35844,11168,61802,8574,39730,13388
29209,2015,118233,17360,69444,30293,55972,8837,32908,13559,62261,8523,36536,16734
29210,2020,78113,11918,46856,18430,36925,6017,22398,8119,41188,5901,24458,10311
29210,2010,75227,13440,47617,13656,36117,6717,22745,6160,39110,6723,24872,7496
29210,2015,77561,12712,45745,16783,36779,6444,21747,7486,40782,6268,23998,9297
29211,2020,36832,5610,20796,10338,17526,2898,10019,4556,19306,2712,10777,5782
29211,2010,35859,5394,22479,7980,17097,2846,10768,3479,18762,2548,11711,4501
29211,2015,36635,5568,21308,9699,17357,2869,10217,4229,19278,2699,11091,5470
29212,2020,28121,2481,13770,11793,13374,1288,6814,5234,14747,1193,6956,6559
29212,2010,34227,3538,20300,10383,16182,1855,9918,4406,18045,1683,10382,5977
29212,2015,31105,2997,16718,11386,14708,1566,8149,4993,16397,1431,8569,6393
29322,2020,3226,255,1401,1557,1543,132,721,685,1683,123,680,872
29322,2010,4107,356,2261,1490,1984,179,1175,630,2123,177,1086,860
29322,2015,3674,304,1815,1555,1752,157,939,656,1922,147,876,899
29342,2020,18009,1815,9177,6968,8446,938,4386,3096,9563,877,4791,3872
29342,2010,19727,2312,11790,5625,9340,1200,5550,2590,10387,1112,6240,3035
29342,2015,18883,2065,9995,6708,8908,1062,4724,3052,9975,1003,5271,3656
29343,2020,23219,2785,12779,7530,10877,1427,6207,3172,12342,1358,6572,4358
29343,2010,23440,3029,14153,6155,10998,1575,6706,2663,12442,1454,7447,3492
29343,2015,23571,3026,13437,7040,11050,1585,6419,3000,12521,1441,7018,4040
29344,2020,27587,3831,15222,8393,12979,1949,7301,3671,14608,1882,7921,4722
29344,2010,27734,3798,17167,6697,13024,1913,8101,2978,14710,1885,9066,3719
29344,2015,27303,3790,15619,7875,12881,1902,7471,3498,14422,1888,8148,4377
29345,2020,7225,650,3966,2544,3387,322,1940,1088,3838,328,2026,1456
29345,2010,7929,818,5169,1941,3765,397,2559,809,4164,421,2610,1132
29345,2015,7443,701,4470,2272,3532,377,2187,968,3911,324,2283,1304
29361,2020,8167,978,4360,2809,3944,509,2145,1274,4223,469,2215,1535
29361,2010,8653,1094,5274,2280,4164,548,2580,1034,4489,546,2694,1246
29361,2015,8485,1039,4831,2609,4098,523,2388,1183,4387,516,2443,1426
29362,2020,6439,632,3475,2330,3049,311,1702,1035,3390,321,1773,1295
29362,2010,7440,846,4568,2023,3539,399,2228,911,3901,447,2340,1112
29362,2015,6836,701,3885,2250,3204,338,1877,989,3632,363,2008,1261
29363,2020,31177,3677,17273,9959,14870,1891,8422,4395,16307,1786,8851,5564
29363,2010,32121,4331,19830,7754,15350,2219,9564,3441,16771,2112,10266,4313
29363,2015,31691,4061,18367,9154,15184,2097,8945,4080,16507,1964,9422,5074
29385,2020,1295,85,542,668,595,40,269,286,700,45,273,382
29385,2010,1895,124,1050,721,882,65,520,297,1013,59,530,424
29385,2015,1549,108,749,692,719,51,372,296,830,57,377,396
29386,2020,1479,50,534,891,694,24,291,377,785,26,243,514
29386,2010,2102,157,991,954,980,77,501,402,1122,80,490,552
29386,2015,1759,74,737,948,812,34,383,395,947,40,354,553
29401,2020,6729,610,3304,2782,3139,301,1636,1189,3590,309,1668,1593
29401,2010,7657,795,4500,2355,3632,406,2236,986,4025,389,2264,1369
29401,2015,7195,732,3855,2607,3396,381,1918,1096,3799,351,1937,1511
29402,2020,5179,526,2517,2131,2439,268,1243,926,2740,258,1274,1205
29402,2010,5856,576,3476,1804,2786,323,1710,753,3070,253,1766,1051
29402,2015,5523,524,2978,2019,2613,273,1460,878,2910,251,1518,1141
29424,2020,21714,2105,11826,7783,10117,1069,5753,3295,11597,1036,6073,4488
29424,2010,23728,3269,14913,5538,11172,1723,7068,2375,12556,1546,7845,3163
29424,2015,22054,2317,12004,7136,10327,1226,5715,3034,11727,1091,6289,4102
29425,2020,24043,3507,13527,6735,11375,1839,6369,3002,12668,1668,7158,3733
29425,2010,22182,2776,14266,5042,10430,1416,6687,2277,11752,1360,7579,2765
29425,2015,23025,3097,13770,6050,10894,1607,6493,2728,12131,1490,7277,3322
29426,2020,33810,4980,19828,8849,16045,2503,9473,4010,17765,2477,10355,4839
29426,2010,33070,5304,21431,6335,15714,2601,10269,2844,17356,2703,11162,3491
29426,2015,33487,5151,20478,7851,15940,2573,9770,3592,17547,2578,10708,4259
29427,2020,17018,1714,8648,6574,7918,903,4134,2826,9100,811,4514,3748
29427,2010,18531,2157,11203,5171,8719,1111,5289,2319,9812,1046,5914,2852
29427,2015,17941,1964,9726,6219,8424,1030,4626,2748,9517,934,5100,3471
29441,2020,6229,373,2620,3236,2840,194,1251,1395,3389,179,1369,1841
29441,2010,8642,627,4681,3334,4003,316,2281,1406,4639,311,2400,1928
29441,2015,7399,473,3536,3389,3399,237,1729,1433,4000,236,1807,1956
29442,2020,16728,1641,9261,5784,7936,854,4580,2492,8792,787,4681,3292
29442,2010,19176,2459,11924,4691,9074,1254,5831,1932,10102,1205,6093,2759
29442,2015,18069,2101,10651,5301,8562,1085,5200,2268,9507,1016,5451,3033
29443,2020,5037,325,2353,2359,2356,182,1155,1019,2681,143,1198,1340
29443,2010,7020,601,3877,2542,3339,314,1949,1076,3681,287,1928,1466
29443,2015,5664,387,2904,2373,2650,200,1450,1000,3014,187,1454,1373
29444,2020,623,43,236,344,296,23,122,151,327,20,114,193
29444,2010,840,68,411,361,390,32,216,142,450,36,195,219
29444,2015,660,33,301,326,309,15,161,133,351,18,140,193
29446,2020,1176,96,482,598,567,56,257,254,609,40,225,344
29446,2010,1572,134,737,701,742,78,382,282,830,56,355,419
29446,2015,1354,116,611,627,647,70,323,254,707,46,288,373
29447,2020,357,12,164,180,176,9,95,72,181,3,69,108
29447,2010,524,41,254,229,258,18,140,100,266,23,114,129
29447,2015,449,30,215,204,219,11,125,83,230,19,90,121
29449,2020,3061,230,1526,1305,1663,118,967,578,1398,112,559,727
29449,2010,4107,379,2153,1575,2161,211,1306,644,1946,168,847,931
29449,2015,3508,287,1812,1409,1858,149,1119,590,1650,138,693,819
29450,2020,753,53,334,366,361,30,178,153,392,23,156,213
29450,2010,1039,116,465,458,505,63,253,189,534,53,212,269
29450,2015,895,64,407,424,422,32,217,173,473,32,190,251
29451,2020,444,15,199,230,227,10,112,105,217,5,87,125
29451,2010,683,46,345,292,342,25,191,126,341,21,154,166
29451,2015,512,17,243,252,267,12,146,109,245,5,97,143
29452,2020,1156,69,444,642,554,33,243,277,602,36,201,365
29452,2010,1643,81,729,833,794,46,390,358,849,35,339,475
29452,2015,1313,59,483,771,621,34,246,341,692,25,237,430
29453,2020,1502,78,548,875,703,47,274,381,799,31,274,494
29453,2010,2143,147,938,1057,1013,82,491,439,1130,65,447,618
29453,2015,1745,92,714,935,833,54,370,407,912,38,344,528
30000,2020,922584,105360,503704,305500,435051,53884,247515,128954,487533,51476,256189,176546
30000,2010,1002198,128005,594573,270846,471397,65421,289111,111904,530801,62584,305462,158942
30000,2015,963579,116412,546279,296239,453216,59450,266634,124463,510363,56962,279645,171776
30201,2020,356729,42340,201722,109950,167947,21601,98698,45956,188782,20739,103024,63994
30201,2010,370364,46739,224708,94130,174104,23840,108578,39167,196260,22899,116130,54963
30201,2015,364154,44519,211753,105954,171215,22757,102859,44446,192939,21762,108894,61508
30202,2020,48369,4867,25370,17720,22548,2466,12413,7468,25821,2401,12957,10252
30202,2010,54783,6344,31668,16629,25518,3234,15318,6880,29265,3110,16350,9749
30202,2015,51860,5659,28330,17625,24175,2875,13785,7385,27685,2784,14545,10240
30203,2020,60818,6957,33405,20116,28621,3543,16002,8865,32197,3414,17403,11251
30203,2010,66361,8739,41434,15979,31326,4423,19892,6837,35035,4316,21542,9142
30203,2015,63621,7770,37244,18434,29923,3934,17933,7937,33698,3836,19311,10497
30204,2020,26538,2769,14289,9270,12576,1436,7104,3925,13962,1333,7185,5345
30204,2010,30592,4086,18195,8228,14436,2158,8860,3351,16156,1928,9335,4877
30204,2015,28470,3351,16059,8972,13453,1741,7889,3768,15017,1610,8170,5204
30205,2020,23481,2496,13155,7333,11404,1282,6755,3077,12077,1214,6400,4256
30205,2010,26111,3393,15682,6815,12620,1812,7930,2735,13491,1581,7752,4080
30205,2015,24801,3057,14462,7118,11976,1584,7348,2953,12825,1473,7114,4165
30206,2020,69870,7944,37608,23429,32790,3965,18503,9884,37080,3979,19105,13545
30206,2010,79119,10588,46181,22061,37243,5318,22628,9110,41876,5270,23553,12951
30206,2015,74770,9229,41901,23289,35108,4589,20546,9769,39662,4640,21355,13520
30207,2020,27171,2869,13339,10111,12610,1494,6465,4133,14561,1375,6874,5978
30207,2010,31498,3893,17789,9720,14551,2022,8594,3868,16947,1871,9195,5852
30207,2015,29331,3349,15401,10126,13586,1749,7499,4078,15745,1600,7902,6048
30208,2020,58816,6553,32440,19449,27815,3293,15918,8427,31001,3260,16522,11022
30208,2010,65840,8529,40197,16953,31139,4412,19567,7037,34701,4117,20630,9916
30208,2015,62616,7526,36199,18663,29515,3840,17572,8013,33101,3686,18627,10650
30209,2020,53967,7295,32952,12849,25969,3831,15977,5651,27998,3464,16975,7198
30209,2010,52882,8580,33508,8625,25530,4332,16226,3741,27352,4248,17282,4884
30209,2015,53452,8065,33537,11180,25718,4138,16222,4993,27734,3927,17315,6187
30304,2020,8256,585,3662,4009,3796,299,1848,1649,4460,286,1814,2360
30304,2010,10391,878,5474,4039,4774,451,2708,1615,5617,427,2766,2424
30304,2015,9206,707,4433,4065,4223,358,2207,1658,4983,349,2226,2407
30341,2020,15967,1643,7867,6425,7428,829,3934,2644,8539,814,3933,3781
30341,2010,18230,1946,10393,5883,8502,995,5100,2402,9728,951,5293,3481
30341,2015,16992,1792,8936,6242,7867,917,4359,2575,9125,875,4577,3667
30343,2020,3856,286,1773,1792,1782,149,855,774,2074,137,918,1018
30343,2010,4963,471,2698,1783,2268,226,1293,743,2695,245,1405,1040
30343,2015,4377,361,2169,1845,2016,184,1057,775,2361,177,1112,1070
30344,2020,2970,227,1502,1220,1499,127,863,493,1471,100,639,727
30344,2010,3975,259,2241,1439,2043,139,1313,561,1932,120,928,878
30344,2015,3352,242,1798,1304,1745,123,1082,533,1607,119,716,771
30361,2020,11122,1185,5766,4089,5196,615,2830,1703,5926,570,2936,2386
30361,2010,13210,1676,7838,3696,6192,835,3845,1512,7018,841,3993,2184
30361,2015,12200,1445,6738,4000,5705,750,3266,1678,6495,695,3472,2322
30362,2020,6781,818,3521,2413,3195,425,1724,1025,3586,393,1797,1388
30362,2010,7714,1031,4639,2044,3585,505,2257,823,4129,526,2382,1221
30362,2015,7224,915,4018,2276,3379,476,1943,951,3845,439,2075,1325
30366,2020,25258,3273,13621,8325,11953,1665,6713,3547,13305,1608,6908,4778
30366,2010,27162,3712,15178,8208,12806,1890,7474,3407,14356,1822,7704,4801
30366,2015,26361,3387,14546,8370,12379,1718,7097,3526,13982,1669,7449,4844
30381,2020,6867,690,3590,2566,3217,343,1800,1059,3650,347,1790,1507
30381,2010,8077,1010,4629,2434,3724,505,2254,963,4353,505,2375,1471
30381,2015,7480,822,4150,2495,3445,406,2032,999,4035,416,2118,1496
30382,2020,7673,1197,4135,2317,3657,641,2019,983,4016,556,2116,1334
30382,2010,7432,1186,4148,2063,3504,611,2021,852,3928,575,2127,1211
30382,2015,7641,1194,4196,2248,3617,636,2061,919,4024,558,2135,1329
30383,2020,5364,500,2724,2088,2685,265,1474,901,2679,235,1250,1187
30383,2010,6508,785,3758,1964,3147,440,1911,795,3361,345,1847,1169
30383,2015,5837,632,3147,2055,2858,336,1639,880,2979,296,1508,1175
30390,2020,7720,942,3910,2855,3660,477,1922,1248,4060,465,1988,1607
30390,2010,8606,1102,4806,2698,4044,572,2351,1121,4562,530,2455,1577
30390,2015,8068,1021,4262,2785,3783,523,2064,1196,4285,498,2198,1589
30391,2020,11818,1427,6413,3929,5608,728,3154,1694,6210,699,3259,2235
30391,2010,13470,2021,7771,3655,6405,1018,3830,1540,7065,1003,3941,2115
30391,2015,12742,1759,7124,3850,6062,897,3506,1653,6680,862,3618,2197
30392,2020,9219,1093,4737,3388,4449,565,2475,1409,4770,528,2262,1979
30392,2010,10509,1400,5814,3294,4951,730,2905,1315,5558,670,2909,1979
30392,2015,9776,1217,5197,3360,4628,641,2612,1374,5148,576,2585,1986
30401,2020,20262,1940,10121,8017,9440,973,5031,3321,10822,967,5090,4696
30401,2010,22696,2566,12428,7424,10379,1306,5957,2964,12317,1260,6471,4460
30401,2015,21533,2272,11245,7934,9933,1125,5523,3240,11600,1147,5722,4694
30404,2020,15236,2148,8838,4112,7246,1123,4302,1756,7990,1025,4536,2356
30404,2010,14807,2296,9224,3191,7017,1174,4432,1362,7790,1122,4792,1829
30404,2015,14989,2125,9090,3699,7118,1092,4413,1579,7871,1033,4677,2120
30406,2020,3685,301,1568,1795,1747,167,830,737,1938,134,738,1058
30406,2010,4730,468,2278,1983,2241,270,1170,800,2489,198,1108,1183
30406,2015,4127,350,1844,1933,1966,209,958,799,2161,141,886,1134
30421,2020,14137,1351,6556,6200,6531,698,3251,2561,7606,653,3305,3639
30421,2010,17080,1880,9137,6041,7788,937,4373,2462,9292,943,4764,3579
30421,2015,15682,1620,7738,6315,7182,811,3771,2593,8500,809,3967,3722
30422,2020,2791,202,1335,1251,1229,101,624,503,1562,101,711,748
30422,2010,3250,327,1670,1253,1459,170,790,499,1791,157,880,754
30422,2015,3087,265,1535,1287,1395,135,745,515,1692,130,790,772
30424,2020,2480,184,926,1370,1130,106,482,542,1350,78,444,828
30424,2010,3103,262,1345,1496,1377,134,672,571,1726,128,673,925
30424,2015,2826,221,1116,1489,1275,115,567,593,1551,106,549,896
30427,2020,404,40,182,182,183,14,103,66,221,26,79,116
30427,2010,486,35,206,245,224,21,108,95,262,14,98,150
30427,2015,446,34,198,214,200,18,105,77,246,16,93,137
30428,2020,14959,1238,6677,6930,7140,663,3446,2953,7819,575,3231,3977
30428,2010,18249,1803,9536,6873,8500,941,4754,2776,9749,862,4782,4097
30428,2015,16558,1506,7913,7112,7771,773,3974,3008,8787,733,3939,4104
31000,2020,553407,68330,300002,177046,264432,35060,150283,74616,288975,33270,149719,102430
31000,2010,588667,77951,352098,153614,280701,39857,176436,61387,307966,38094,175662,92227
31000,2015,573441,73685,326301,169092,273705,37539,163762,69909,299736,36146,162539,99183
31201,2020,188465,23684,106218,54990,91356,12179,53662,23291,97109,11505,52556,31699
31201,2010,197449,27054,123636,45373,95959,13779,63113,18172,101490,13275,60523,27201
31201,2015,193717,25742,115038,51027,94151,13206,58461,21244,99566,12536,56577,29783
31202,2020,147317,19171,82094,42337,69740,9758,40531,17630,77577,9413,41563,24707
31202,2010,148271,20678,88910,35379,70133,10578,43398,14237,78138,10100,45512,21142
31202,2015,149313,20163,86473,40569,70628,10224,42567,16801,78685,9939,43906,23768
31203,2020,46485,5723,24287,16034,21840,3007,11922,6641,24645,2716,12365,9393
31203,2010,50720,6568,29733,14235,23732,3454,14537,5626,26988,3114,15196,8609
31203,2015,49044,6208,27190,15488,23106,3239,13436,6322,25938,2969,13754,9166
31204,2020,32740,3912,17948,10736,15775,2031,9161,4504,16965,1881,8787,6232
31204,2010,35259,4722,21167,9297,16906,2423,10664,3762,18353,2299,10503,5535
31204,2015,34174,4292,19431,10373,16294,2186,9769,4295,17880,2106,9662,6078
31302,2020,10799,1143,5598,4053,5178,610,2845,1721,5621,533,2753,2332
31302,2010,12362,1432,7208,3721,5824,749,3631,1443,6538,683,3577,2278
31302,2015,11485,1295,6269,3920,5437,703,3139,1594,6048,592,3130,2326
31325,2020,2864,191,1279,1393,1355,107,659,588,1509,84,620,805
31325,2010,3873,322,2009,1542,1828,187,1031,610,2045,135,978,932
31325,2015,3269,223,1569,1477,1550,125,821,604,1719,98,748,873
31328,2020,6427,621,3005,2801,3005,318,1519,1168,3422,303,1486,1633
31328,2010,7718,736,4235,2741,3626,368,2198,1056,4092,368,2037,1685
31328,2015,7154,697,3675,2781,3370,356,1901,1113,3784,341,1774,1668
31329,2020,15937,1853,8289,5792,7611,949,4135,2525,8326,904,4154,3267
31329,2010,18427,2377,10879,5158,8816,1209,5543,2058,9611,1168,5336,3100
31329,2015,16985,2075,9463,5439,8100,1046,4762,2286,8885,1029,4701,3153
31364,2020,6060,676,2962,2408,2875,352,1502,1015,3185,324,1460,1393
31364,2010,7015,822,3900,2291,3310,437,1966,906,3705,385,1934,1385
31364,2015,6490,769,3372,2349,3061,396,1706,959,3429,373,1666,1390
31370,2020,16055,2264,8602,5139,7657,1158,4253,2220,8398,1106,4349,2919
31370,2010,17029,2436,10003,4590,8110,1252,5030,1828,8919,1184,4973,2762
31370,2015,16550,2326,9264,4957,7910,1176,4654,2079,8640,1150,4610,2878
31371,2020,16365,1979,8356,6028,7682,976,4147,2558,8683,1003,4209,3470
31371,2010,18531,2418,10341,5770,8683,1191,5218,2272,9848,1227,5123,3498
31371,2015,17416,2160,9195,5987,8178,1054,4626,2452,9238,1106,4569,3535
31372,2020,14228,1793,7352,5060,6818,950,3691,2161,7410,843,3661,2899
31372,2010,15442,2004,9236,4202,7309,1009,4578,1722,8133,995,4658,2480
31372,2015,14820,1930,8292,4598,7038,988,4119,1931,7782,942,4173,2667
31384,2020,3501,507,1979,986,1628,246,974,397,1873,261,1005,589
31384,2010,3339,512,2013,781,1554,246,982,306,1785,266,1031,475
31384,2015,3439,514,1976,939,1583,241,962,375,1856,273,1014,564
31386,2020,15370,1684,7491,6195,7390,868,3852,2670,7980,816,3639,3525
31386,2010,17491,1980,9687,5824,8265,1019,4909,2337,9226,961,4778,3487
31386,2015,16470,1822,8440,6203,7814,906,4330,2575,8656,916,4110,3628
31389,2020,10323,1179,5261,3879,4925,588,2657,1677,5398,591,2604,2202
31389,2010,11536,1471,6617,3448,5407,737,3257,1413,6129,734,3360,2035
31389,2015,10950,1337,5889,3721,5162,645,2967,1548,5788,692,2922,2173
31390,2020,10696,1282,5148,4243,5051,633,2578,1831,5645,649,2570,2412
31390,2010,11621,1332,6525,3764,5457,680,3270,1507,6164,652,3255,2257
31390,2015,11118,1276,5801,4037,5226,641,2915,1668,5892,635,2886,2369
31401,2020,4196,296,1708,2190,1982,153,940,887,2214,143,768,1303
31401,2010,5460,442,2462,2556,2508,209,1319,980,2952,233,1143,1576
31401,2015,4765,352,2068,2345,2205,165,1130,910,2560,187,938,1435
31402,2020,2907,183,1253,1471,1323,84,650,589,1584,99,603,882
31402,2010,3745,329,1844,1572,1716,157,951,608,2029,172,893,964
31402,2015,3278,257,1481,1540,1490,113,775,602,1788,144,706,938
31403,2020,2672,189,1172,1311,1241,93,605,543,1431,96,567,768
31403,2010,3379,316,1693,1370,1558,173,841,544,1821,143,852,826
31403,2015,3004,247,1415,1342,1402,129,722,551,1602,118,693,791
32000,2020,671126,81641,352656,227881,324291,42002,180058,97061,346835,39639,172598,130820
32000,2010,717397,92218,414153,207398,342991,47145,210385,83277,374406,45073,203768,124121
32000,2015,694352,86056,376877,222648,333112,44115,191489,92523,361240,41941,185388,130125
32201,2020,203616,25931,113547,59498,98544,13359,57385,25123,105072,12572,56162,34375
32201,2010,194258,25543,118208,47363,93736,13105,59633,19174,100522,12438,58575,28189
32201,2015,206230,26384,117497,56386,99565,13502,59264,23497,106665,12882,58233,32889
32202,2020,54592,5940,28524,19445,27298,3024,15611,8160,27294,2916,12913,11285
32202,2010,61713,7144,35943,18450,30266,3665,19209,7276,31447,3479,16734,11174
32202,2015,58105,6565,31580,19430,28600,3376,16922,7946,29505,3189,14658,11484
32203,2020,172775,23315,95332,51944,83469,11956,47887,22402,89306,11359,47445,29542
32203,2010,143796,20338,85732,37707,68563,10318,42819,15410,75233,10020,42913,22297
32203,2015,171938,23617,97382,49563,82707,12020,48850,21026,89231,11597,48532,28537
32204,2020,45003,5284,21988,17017,21355,2751,11045,7181,23648,2533,10943,9836
32204,2010,50015,6441,28043,15466,23442,3319,13922,6161,26573,3122,14121,9305
32204,2015,47718,5912,24962,16674,22468,3035,12461,6874,25250,2877,12501,9800
32205,2020,32846,3655,15778,13264,15742,1944,8042,5677,17104,1711,7736,7587
32205,2010,37996,4372,20456,13162,17761,2257,10368,5130,20235,2115,10088,8032
32205,2015,35166,3980,17653,13345,16616,2084,8971,5457,18550,1896,8682,7888
32206,2020,37062,4277,18817,13835,17743,2204,9609,5866,19319,2073,9208,7969
32206,2010,41836,5438,23626,12760,19897,2797,11964,5127,21939,2641,11662,7633
32206,2015,39528,4798,20593,13816,18859,2476,10462,5737,20669,2322,10131,8079
32207,2020,22959,2403,11467,9008,10890,1199,5879,3744,12069,1204,5588,5264
32207,2010,25697,2999,14157,8521,11916,1520,7146,3237,13781,1479,7011,5284
32207,2015,24468,2760,12745,8942,11397,1407,6429,3544,13071,1353,6316,5398
32209,2020,36007,4041,17487,14422,17316,2082,8875,6325,18691,1959,8612,8097
32209,2010,41917,5096,23010,13787,20039,2600,11797,5620,21878,2496,11213,8167
32209,2015,39032,4597,20147,14228,18647,2385,10223,6004,20385,2212,9924,8224
32304,2010,14355,2508,8698,3149,6925,1280,4325,1320,7430,1228,4373,1829
32343,2020,11849,1160,5341,5130,5705,593,2806,2230,6144,567,2535,2900
32343,2010,14456,1598,7563,5295,6899,828,3952,2119,7557,770,3611,3176
32343,2015,13063,1354,6393,5314,6216,691,3326,2197,6847,663,3067,3117
32386,2020,4577,463,1998,2114,2157,245,1030,880,2420,218,968,1234
32386,2010,5534,577,2777,2180,2635,299,1473,863,2899,278,1304,1317
32386,2015,5031,518,2326,2187,2359,261,1213,885,2672,257,1113,1302
32401,2010,27689,4064,16643,6877,13526,2028,8531,2866,14163,2036,8112,4011
32441,2020,3248,320,1477,1433,1556,160,784,605,1692,160,693,828
32441,2010,3900,364,1917,1618,1833,201,1015,616,2067,163,902,1002
32441,2015,3442,331,1618,1493,1604,175,845,584,1838,156,773,909
32448,2020,4355,498,1772,2084,2080,261,937,881,2275,237,835,1203
32448,2010,5351,577,2496,2278,2510,295,1303,912,2841,282,1193,1366
32448,2015,4900,548,2140,2212,2309,284,1114,911,2591,264,1026,1301
32449,2020,10163,1084,4478,4582,4874,548,2349,1967,5289,536,2129,2615
32449,2010,11959,1273,5835,4850,5612,652,3018,1941,6347,621,2817,2909
32449,2015,11101,1182,5119,4779,5260,591,2650,2005,5841,591,2469,2774
32501,2020,6875,593,2944,3337,3221,310,1528,1382,3654,283,1416,1955
32501,2010,8427,766,4134,3487,3899,401,2093,1383,4528,365,2041,2104
32501,2015,7653,661,3515,3462,3530,348,1798,1373,4123,313,1717,2089
32505,2020,6077,573,2745,2720,2944,282,1494,1129,3133,291,1251,1591
32505,2010,6810,717,3365,2717,3175,370,1743,1052,3635,347,1622,1665
32505,2015,6374,603,3003,2768,2986,306,1565,1115,3388,297,1438,1653
32525,2020,2267,244,1118,905,1113,123,581,409,1154,121,537,496
32525,2010,2374,249,1201,924,1153,119,654,380,1221,130,547,544
32525,2015,2353,246,1189,918,1125,123,617,385,1228,123,572,533
32526,2020,2788,253,1246,1289,1430,142,706,582,1358,111,540,707
32526,2010,3136,294,1602,1240,1505,165,835,505,1631,129,767,735
32526,2015,3027,255,1510,1262,1537,137,851,549,1490,118,659,713
32527,2020,634,69,281,284,323,28,158,137,311,41,123,147
32527,2010,657,70,282,305,319,37,150,132,338,33,132,173
32527,2015,615,52,258,305,308,24,140,144,307,28,118,161
32528,2020,13433,1538,6316,5570,6531,791,3352,2381,6902,747,2964,3189
32528,2010,15521,1790,8465,5262,7380,889,4435,2053,8141,901,4030,3209
32528,2015,14608,1693,7247,5564,7019,890,3788,2290,7589,803,3459,3274
33000,2020,1888432,229352,1032394,557991,908045,117924,513907,239914,980387,111428,518487,318077
33000,2010,1945276,264853,1178493,484718,933168,136186,583204,203004,1012108,128667,595289,281714
33000,2015,1921525,247890,1098140,540876,922226,127760,544837,230625,999299,120130,553303,310251
33100,2020,724691,92756,424785,185732,348630,47526,210504,79007,376061,45230,214281,106725
33100,2010,709584,100175,450108,151140,341158,51384,221703,62910,368426,48791,228405,88230
33100,2015,719474,97043,435475,175013,345913,49779,215258,73990,373561,47264,220217,101023
33101,2020,314523,38193,187763,74229,153478,19756,94146,31456,161045,18437,93617,42773
33101,2010,302685,39574,194183,62443,147456,20335,97352,25669,155229,19239,96831,36774
33101,2015,309484,38988,191670,71020,151012,20188,96419,29685,158472,18800,95251,41335
33102,2020,149232,21064,87075,38220,70139,10718,41996,16082,79093,10346,45079,22138
33102,2010,142237,21434,89625,29929,66686,10843,42737,12336,75551,10591,46888,17593
33102,2015,146232,21417,87567,35151,68640,10872,41862,14792,77592,10545,45705,20359
33103,2020,93108,10893,52132,28622,44243,5528,25743,12123,48865,5365,26389,16499
33103,2010,96948,13739,58617,24382,45816,7055,28458,10154,51132,6684,30159,14228
33103,2015,95577,12486,55136,27545,45401,6327,27145,11652,50176,6159,27991,15893
33104,2020,167828,22606,97815,44661,80770,11524,48619,19346,87058,11082,49196,25315
33104,2010,167714,25428,107683,34386,81200,13151,53156,14751,86514,12277,54527,19635
33104,2015,168181,24152,101102,41297,80860,12392,49832,17861,87321,11760,51270,23436
33202,2020,474592,58486,249921,125532,228261,29868,122761,54731,246331,28618,127160,70801
33202,2010,475513,69663,292530,106015,230061,35843,143954,45805,245452,33820,148576,60210
33202,2015,477118,64463,270529,122037,230081,33202,133243,53082,247037,31261,137286,68955
33203,2020,99937,12449,55234,30544,48012,6450,27746,12829,51925,5999,27488,17715
33203,2010,106788,15146,63561,27184,50787,7798,31469,10973,56001,7348,32092,16211
33203,2015,103746,13991,59399,29663,49561,7228,29630,12281,54185,6763,29769,17382
33204,2020,56531,5608,28734,21774,27437,2950,14685,9570,29094,2658,14049,12204
33204,2010,64588,7264,38136,19177,31274,3826,19283,8157,33314,3438,18853,11020
33204,2015,60736,6363,32729,21440,29374,3346,16606,9265,31362,3017,16123,12175
33205,2020,46088,4419,23004,17064,21866,2247,11443,7285,24222,2172,11561,9779
33205,2010,54225,6350,31046,16818,25566,3210,15430,6917,28659,3140,15616,9901
33205,2015,50568,5534,27349,17519,23979,2833,13658,7394,26589,2701,13691,10125
33207,2020,38384,3880,20028,14355,18353,1977,10142,6156,20031,1903,9886,8199
33207,2010,43927,5429,24751,13719,20880,2798,12384,5680,23047,2631,12367,8039
33207,2015,41390,4658,22465,14247,19693,2419,11264,5995,21697,2239,11201,8252
33208,2020,69030,9589,39165,19408,33425,4986,19494,8508,35605,4603,19671,10900
33208,2010,66201,9470,41014,15536,31914,4874,20306,6625,34287,4596,20708,8911
33208,2015,66855,9488,38696,18175,32248,4923,19107,7962,34607,4565,19589,10213
33209,2020,29072,2546,14264,11904,14225,1291,7622,5065,14847,1255,6642,6839
33209,2010,34963,3429,18935,12360,16703,1772,9845,4903,18260,1657,9090,7457
33209,2015,32075,2993,16496,12243,15413,1569,8597,5012,16662,1424,7899,7231
33210,2020,28079,2676,13644,11606,13411,1426,6927,4960,14668,1250,6717,6646
33210,2010,33870,3922,18111,11837,16004,2065,9073,4866,17866,1857,9038,6971
33210,2015,30658,3269,15420,11851,14596,1761,7830,4949,16062,1508,7590,6902
33211,2020,32320,2961,16406,12732,15516,1538,8415,5397,16804,1423,7991,7335
33211,2010,37839,4314,21531,11921,17974,2225,10730,4963,19865,2089,10801,6958
33211,2015,35179,3562,18783,12754,16775,1864,9512,5341,18404,1698,9271,7413
33212,2020,36048,4071,19264,12422,17319,2185,9640,5347,18729,1886,9624,7075
33212,2010,37852,4766,22186,10826,17927,2413,10820,4635,19925,2353,11366,6191
33212,2015,36975,4350,20291,12151,17547,2249,9987,5217,19428,2101,10304,6934
33213,2020,42661,5745,22267,14377,20454,2985,10898,6402,22207,2760,11369,7975
33213,2010,43458,6091,25842,11489,20606,3124,12440,5012,22852,2967,13402,6477
33213,2015,43214,5912,23757,13521,20671,3079,11532,6038,22543,2833,12225,7483
33214,2020,42725,4863,20687,17061,20397,2507,10589,7230,22328,2356,10098,9831
33214,2010,48964,6149,26333,16428,23126,3113,13388,6585,25838,3036,12945,9843
33214,2015,46124,5519,23649,16900,21855,2807,11969,7058,24269,2712,11680,9842
33215,2020,25939,2612,12356,10800,12452,1349,6355,4642,13487,1263,6001,6158
33215,2010,30498,3514,16196,10726,14391,1804,8229,4319,16107,1710,7967,6407
33215,2015,27977,3041,14020,10873,13248,1548,7110,4549,14729,1493,6910,6324
33216,2020,32772,3589,17005,12047,15760,1854,8550,5290,17012,1735,8455,6757
33216,2010,36114,4370,20845,10882,17381,2275,10349,4745,18733,2095,10496,6137
33216,2015,34235,3915,18346,11914,16425,2014,9103,5279,17810,1901,9243,6635
33346,2020,13623,1266,6727,5598,6468,649,3446,2358,7155,617,3281,3240
33346,2010,15362,1719,8547,5086,7191,877,4241,2070,8171,842,4306,3016
33346,2015,14412,1497,7345,5570,6744,767,3638,2339,7668,730,3707,3231
33423,2020,12368,2027,6881,3433,5930,1058,3336,1518,6438,969,3545,1915
33423,2010,12214,1983,7404,2803,5871,1038,3578,1238,6343,945,3826,1565
33423,2015,12154,1885,6881,3345,5827,1022,3304,1475,6327,863,3577,1870
33445,2020,10950,1525,5965,3454,5206,809,2901,1491,5744,716,3064,1963
33445,2010,10916,1518,6485,2905,5142,784,3112,1238,5774,734,3373,1667
33445,2015,10929,1515,6154,3256,5148,776,2967,1404,5781,739,3187,1852
33461,2020,13414,1423,6726,5207,6412,706,3418,2263,7002,717,3308,2944
33461,2010,15092,1740,8306,5045,7095,899,4105,2090,7997,841,4201,2955
33461,2015,14201,1532,7417,5248,6715,772,3709,2230,7486,760,3708,3018
33586,2020,813,99,368,346,380,45,187,148,433,54,181,198
33586,2010,957,115,462,380,451,53,244,154,506,62,218,226
33586,2015,866,97,407,362,400,42,202,156,466,55,205,206
33606,2020,12062,1485,5873,4674,5810,814,2949,2029,6252,671,2924,2645
33606,2010,13580,1622,7275,4683,6422,863,3667,1892,7158,759,3608,2791
33606,2015,12847,1562,6576,4699,6092,816,3297,1972,6755,746,3279,2727
33622,2020,10888,1580,5821,3465,5204,817,2877,1499,5684,763,2944,1966
33622,2010,11195,1514,6542,3121,5342,789,3260,1280,5853,725,3282,1841
33622,2015,11125,1535,6274,3297,5340,819,3079,1429,5785,716,3195,1868
33623,2020,5578,736,2864,1977,2788,372,1572,844,2790,364,1292,1133
33623,2010,6085,781,3480,1824,2981,383,1855,743,3104,398,1625,1081
33623,2015,5906,737,3203,1957,2920,366,1725,823,2986,371,1478,1134
33643,2020,1398,178,725,495,651,86,360,205,747,92,365,290
33643,2010,1520,163,873,484,714,76,450,188,806,87,423,296
33643,2015,1472,191,776,505,692,90,392,210,780,101,384,295
33663,2020,4530,398,2098,2034,2173,194,1068,911,2357,204,1030,1123
33663,2010,5296,563,2710,2023,2539,272,1390,877,2757,291,1320,1146
33663,2015,4907,483,2344,2076,2330,233,1182,912,2577,250,1162,1164
33666,2020,13053,1423,6205,5421,6230,726,3194,2306,6823,697,3011,3115
33666,2010,15642,1766,8352,5522,7420,928,4258,2232,8222,838,4094,3290
33666,2015,14432,1615,7217,5592,6861,829,3713,2315,7571,786,3504,3277
33681,2020,10886,962,5377,4529,5275,509,2828,1923,5611,453,2549,2606
33681,2010,13033,1317,6932,4784,6248,700,3641,1907,6785,617,3291,2877
33681,2015,11950,1140,6142,4668,5778,607,3223,1948,6172,533,2919,2720
34000,2020,2799702,352678,1580054,811931,1357156,180405,795707,350305,1442546,172273,784347,461626
34000,2010,2860750,386810,1765036,676660,1380671,198176,881021,283669,1480079,188634,884015,392991
34000,2015,2843990,375890,1662522,774440,1376211,192324,833708,331636,1467779,183566,828814,442804
34100,2020,1200754,158290,706497,300882,579415,80812,349371,130009,621339,77478,357126,170873
34100,2010,1173843,167793,755983,231145,565482,85728,372160,97832,608361,82065,383823,133313
34100,2015,1194034,166427,730388,279311,576850,85031,360878,120571,617184,81396,369510,158740
34101,2020,142699,14942,87271,33012,67660,7648,42304,13526,75039,7294,44967,19486
34101,2010,130482,12747,82246,26531,60545,6516,39410,10329,69937,6231,42836,16202
34101,2015,136640,14379,85510,31181,64659,7398,41454,12649,71981,6981,44056,18532
34102,2020,119353,16030,70462,31823,56872,8234,34464,13627,62481,7796,35998,18196
34102,2010,120751,17567,77283,25141,57604,8979,37677,10507,63147,8588,39606,14634
34102,2015,120155,16589,73077,29817,57251,8533,35596,12787,62904,8056,37481,17030
34103,2020,145805,18617,88001,34668,71544,9532,44630,14749,74261,9085,43371,19919
34103,2010,138190,17816,90225,28010,67264,9104,45600,11537,70926,8712,44625,16473
34103,2015,142728,18298,86528,32804,69972,9453,43652,13811,72756,8845,42876,18993
34104,2020,190232,23239,109724,43040,91127,11785,53430,18418,99105,11454,56294,24622
34104,2010,186985,26546,123475,33669,89779,13532,60513,14011,97206,13014,62962,19658
34104,2015,190929,26246,121365,40431,91694,13251,59670,17205,99235,12995,61695,23226
34105,2020,247020,39022,150821,51954,120308,19874,74804,22578,126712,19148,76017,29376
34105,2010,233733,41191,150698,39016,114477,21041,74599,17157,119256,20150,76099,21859
34105,2015,242512,41677,150564,47952,118617,21178,74905,21048,123895,20499,75659,26904
34106,2020,138979,16011,74314,47892,65972,8190,36343,21076,73007,7821,37971,26816
34106,2010,149633,20295,93566,35562,71153,10360,45074,15583,78480,9935,48492,19979
34106,2015,145018,18013,82701,43997,68975,9220,40069,19513,76043,8793,42632,24484
34107,2020,77103,10565,45694,20678,38283,5421,23566,9191,38820,5144,22128,11487
34107,2010,78789,12091,50432,16103,38981,6177,25651,7040,39808,5914,24781,9063
34107,2015,79353,11651,48039,19470,39417,5999,24635,8653,39936,5652,23404,10817
34108,2020,139563,19864,80210,37815,67649,10128,39830,16844,71914,9736,40380,20971
34108,2010,135280,19540,88058,27113,65679,10019,43636,11668,69601,9521,44422,15445
34108,2015,136699,19574,82604,33659,66265,9999,40897,14905,70434,9575,41707,18754
34202,2020,214592,23037,114245,75706,103816,11704,59028,32156,110776,11333,55217,43550
34202,2010,239973,28669,140886,70210,115432,14708,71552,29033,124541,13961,69334,41177
34202,2015,228552,25905,124928,76204,110173,13195,64121,32004,118379,12710,60807,44200
34203,2020,23993,2126,11643,10082,11434,1074,5953,4316,12559,1052,5690,5766
34203,2010,28644,3269,15891,9404,13438,1648,7892,3833,15206,1621,7999,5571
34203,2015,26426,2676,13591,10065,12563,1357,6910,4215,13863,1319,6681,5850
34204,2020,90573,10438,47477,32182,43155,5431,23755,13705,47418,5007,23722,18477
34204,2010,100509,12578,58811,28509,47865,6452,29314,11774,52644,6126,29497,16735
34204,2015,96194,11706,52624,31313,45730,6013,26195,13213,50464,5693,26429,18100
34205,2020,131170,14313,68334,47641,63468,7337,35201,20352,67702,6976,33133,27289
34205,2010,145202,17282,83602,43964,69283,8921,41991,18165,75919,8361,41611,25799
34205,2015,138626,15945,74805,47146,66292,8174,37822,19868,72334,7771,36983,27278
34207,2020,460930,60655,260383,132167,224246,31047,131056,57503,236684,29608,129327,74664
34207,2010,461357,64738,281828,105858,222729,33000,139519,45008,238628,31738,142309,60850
34207,2015,464811,64496,271739,123441,225414,32944,135832,53402,239397,31552,135907,70039
34208,2020,37655,3922,19284,14371,18115,2039,9941,6097,19540,1883,9343,8274
34208,2010,42563,5089,24275,13178,20366,2631,12207,5515,22197,2458,12068,7663
34208,2015,40069,4551,21334,14107,19171,2377,10748,6003,20898,2174,10586,8104
34209,2020,50681,5947,25685,18437,24220,3045,13083,7715,26461,2902,12602,10722
34209,2010,56605,7340,31267,17789,26731,3744,15884,6980,29874,3596,15383,10809
34209,2015,53615,6677,27983,18655,25365,3420,14200,7551,28250,3257,13783,11104
34210,2020,33633,3438,15411,14579,16014,1744,8010,6138,17619,1694,7401,8441
34210,2010,40244,4339,20689,15154,19158,2282,10814,6015,21086,2057,9875,9139
34210,2015,37000,3963,17878,15007,17521,2045,9258,6133,19479,1918,8620,8874
34211,2020,26319,2859,13975,9406,12820,1474,7270,4021,13499,1385,6705,5385
34211,2010,28836,3218,17157,8377,13939,1648,8720,3499,14897,1570,8437,4878
34211,2015,27865,3130,15347,9261,13492,1632,7858,3902,14373,1498,7489,5359
34212,2020,196608,26734,118251,45736,99690,13759,62572,20250,96918,12975,55679,25486
34212,2010,190135,27433,125255,35473,96952,14098,66152,15319,93183,13335,59103,20154
34212,2015,192907,27521,119964,42209,97962,14095,63192,18589,94945,13426,56772,23620
34213,2020,114173,14927,63443,34962,54393,7712,30726,15448,59780,7215,32717,19514
34213,2010,114038,15027,71716,26611,54101,7828,34541,11347,59937,7199,37175,15264
34213,2015,114906,15070,67429,31871,54654,7846,32555,13952,60252,7224,34874,17919
34214,2020,26448,2621,12684,11112,12614,1333,6532,4723,13834,1288,6152,6389
34214,2010,31487,3532,16887,11068,14993,1830,8732,4431,16494,1702,8155,6637
34214,2015,29488,3226,14850,11400,14043,1650,7666,4717,15445,1576,7184,6683
34215,2020,21930,1657,10656,9572,11025,871,6062,4058,10905,786,4594,5514
34215,2010,27031,2461,14888,9674,13272,1294,8070,3902,13759,1167,6818,5772
34215,2015,24339,2060,12294,9970,12027,1044,6789,4186,12312,1016,5505,5784
34302,2020,51155,7520,30651,12570,25007,3867,15393,5557,26148,3653,15258,7013
34302,2010,50442,7639,32748,10055,24632,3960,16328,4344,25810,3679,16420,5711
34302,2015,51053,7503,31548,11735,24917,3834,15772,5168,26136,3669,15776,6567
34304,2020,29636,4391,18016,7061,14588,2227,9203,3069,15048,2164,8813,3992
34304,2010,28475,4328,18572,5496,14096,2271,9355,2408,14379,2057,9217,3088
34304,2015,28667,4159,17779,6522,14127,2113,9023,2879,14540,2046,8756,3643
34307,2020,22834,2886,11778,8136,10958,1484,5834,3616,11876,1402,5944,4520
34307,2010,24533,3447,14551,6534,11808,1739,7136,2932,12725,1708,7415,3602
34307,2015,23755,3150,12713,7874,11460,1631,6224,3591,12295,1519,6489,4283
34309,2020,12582,1826,7021,3716,5984,910,3468,1593,6598,916,3553,2123
34309,2010,13262,1989,7928,3345,6301,991,3917,1393,6961,998,4011,1952
34309,2015,12747,1881,7149,3715,6084,957,3536,1589,6663,924,3613,2126
34368,2020,5740,466,2283,2991,2675,221,1202,1252,3065,245,1081,1739
34368,2010,7255,645,3322,3288,3349,316,1717,1316,3906,329,1605,1972
34368,2015,6472,529,2745,3179,2989,248,1439,1290,3483,281,1306,1889
34369,2020,17763,1805,8732,6917,8768,899,4768,2911,8995,906,3964,4006
34369,2010,19969,2393,10585,6981,9556,1222,5582,2742,10413,1171,5003,4239
34369,2015,18918,2132,9653,7054,9177,1084,5174,2858,9741,1048,4479,4196
34431,2020,7158,553,3228,3305,3663,273,1979,1350,3495,280,1249,1955
34431,2010,8448,674,4154,3616,4003,330,2270,1399,4445,344,1884,2217
34431,2015,7992,566,3838,3587,4106,281,2382,1442,3886,285,1456,2145
34462,2020,15125,1560,6893,6342,7156,769,3495,2713,7969,791,3398,3629
34462,2010,17549,1972,9268,6309,8291,1033,4680,2578,9258,939,4588,3731
34462,2015,16337,1766,7876,6515,7724,908,4005,2717,8613,858,3871,3798
34545,2020,8250,707,3484,4058,3932,373,1805,1753,4318,334,1679,2305
34545,2010,10350,955,4773,4622,4894,502,2488,1904,5456,453,2285,2718
34545,2015,9217,851,4067,4299,4370,445,2129,1796,4847,406,1938,2503
35000,2020,1342059,153608,709992,459957,636736,78707,354572,193034,705323,74901,355420,266923
35000,2010,1451338,184049,857956,404694,684176,94010,423008,163953,767162,90039,434948,240741
35000,2015,1404729,170022,778430,447862,665008,86998,387115,185728,739721,83024,391315,262134
35201,2020,255051,28155,133298,90326,118683,14387,65281,36995,136368,13768,68017,53331
35201,2010,280947,33744,165406,80199,130105,17166,80002,31995,150842,16578,85404,48204
35201,2015,268517,31116,147954,88073,124722,15925,72156,35806,143795,15191,75798,52267
35202,2020,162570,18676,87786,54008,77793,9644,44239,22734,84777,9032,43547,31274
35202,2010,173772,21925,105933,44979,83000,11191,52941,18207,90772,10734,52992,26772
35202,2015,169429,20513,96548,51303,81133,10532,48471,21482,88296,9981,48077,29821
35203,2020,193966,24166,109862,56173,92352,12354,54160,23682,101614,11812,55702,32491
35203,2010,196628,27045,122614,46709,92997,13740,60327,18763,103631,13305,62287,27946
35203,2015,197422,26118,116106,53325,94245,13372,57426,22261,103177,12746,58680,31064
35204,2020,44626,3910,20919,19613,20610,1987,10405,8095,24016,1923,10514,11518
35204,2010,53747,5737,29088,18833,24474,2910,14107,7390,29273,2827,14981,11443
35204,2015,49560,4835,25031,19591,22730,2482,12272,7911,26830,2353,12759,11680
35206,2020,113979,14658,63274,35036,54951,7565,32104,14808,59028,7093,31170,20228
35206,2010,116611,15771,71042,29506,56191,8061,35685,12206,60420,7710,35357,17300
35206,2015,115942,15331,66700,33582,55910,7853,33733,14135,60032,7478,32967,19447
35207,2020,55887,7779,31231,16521,27405,3957,16083,7066,28482,3822,15148,9455
35207,2010,55012,7859,33294,13790,26535,3952,16634,5896,28477,3907,16660,7894
35207,2015,55812,7855,31598,15875,27252,3986,16064,6845,28560,3869,15534,9030
35208,2020,129125,14495,67305,46114,60981,7374,33430,19605,68144,7121,33875,26509
35208,2010,143857,18596,83058,41912,67597,9497,40771,17113,76260,9099,42287,24799
35208,2015,136757,16187,73838,45401,64455,8212,36516,18950,72302,7975,37322,26451
35210,2020,49798,5702,25763,17834,23711,2945,12949,7577,26087,2757,12814,10257
35210,2010,53004,7188,30682,15080,25237,3686,15009,6504,27767,3502,15673,8576
35210,2015,51369,6370,27617,17289,24425,3267,13681,7417,26944,3103,13936,9872
35211,2020,32519,3039,15077,14318,15040,1573,7462,5939,17479,1466,7615,8379
35211,2010,38349,4064,21005,13249,17450,2111,10140,5179,20899,1953,10865,8070
35211,2015,35439,3560,17793,14070,16328,1857,8819,5639,19111,1703,8974,8431
35212,2020,30799,3241,15268,12004,14345,1674,7569,4964,16454,1567,7699,7040
35212,2010,34730,4031,19290,11247,16070,2085,9395,4476,18660,1946,9895,6771
35212,2015,32945,3690,17149,12008,15357,1874,8479,4940,17588,1816,8670,7068
35213,2020,23247,1963,11302,9898,10857,1025,5646,4126,12390,938,5656,5772
35213,2010,28630,3130,16037,9433,13287,1630,7964,3674,15343,1500,8073,5759
35213,2015,26159,2502,13749,9887,12165,1284,6857,4005,13994,1218,6892,5882
35215,2020,137540,15493,72235,44734,66686,7914,36833,19145,70854,7579,35402,25589
35215,2010,149487,19769,89906,39122,72150,10213,45090,16284,77337,9556,44816,22838
35215,2015,144842,17992,81321,44114,69819,9199,41173,18608,75023,8793,40148,25506
35216,2020,60326,7337,32095,20451,28635,3778,16079,8554,31691,3559,16016,11897
35216,2010,64550,8551,38330,17583,30278,4385,18778,7047,34272,4166,19552,10536
35216,2015,62671,8080,34933,19537,29545,4190,17311,7979,33126,3890,17622,11558
35305,2020,14798,934,5778,8071,6828,492,2935,3387,7970,442,2843,4684
35305,2010,19084,1416,8562,9101,8580,734,4302,3540,10504,682,4260,5561
35305,2015,17199,1162,7106,8914,7844,602,3647,3585,9355,560,3459,5329
35321,2020,6034,1010,3349,1646,2947,507,1680,740,3087,503,1669,906
35321,2010,6378,1036,3925,1408,3193,532,2072,580,3185,504,1853,828
35321,2015,6285,1044,3666,1570,3097,515,1903,676,3188,529,1763,894
35341,2020,2342,147,874,1321,1084,66,487,531,1258,81,387,790
35341,2010,3332,215,1489,1628,1530,111,792,627,1802,104,697,1001
35341,2015,2803,173,1126,1504,1283,88,591,604,1520,85,535,900
35343,2020,14483,1558,7651,5230,6908,779,3825,2279,7575,779,3826,2951
35343,2010,15986,2100,9295,4584,7562,1062,4543,1950,8424,1038,4752,2634
35343,2015,15317,1875,8250,5153,7242,945,4090,2182,8075,930,4160,2971
35344,2020,11914,1083,5654,5138,5553,551,2781,2200,6361,532,2873,2938
35344,2010,13491,1568,7209,4683,6274,781,3585,1890,7217,787,3624,2793
35344,2015,12798,1314,6395,5058,5906,651,3151,2092,6892,663,3244,2966
35502,2020,3055,262,1271,1521,1367,135,624,607,1688,127,647,914
35502,2010,3743,304,1791,1648,1666,163,871,632,2077,141,920,1016
35502,2015,3463,305,1550,1608,1550,164,775,611,1913,141,775,997
36000,2020,719559,77129,375657,238346,343265,39638,185922,102358,376294,37491,189735,135988
36000,2010,785491,96596,471788,209926,372710,49320,233232,86097,412781,47276,238556,123829
36000,2015,755733,87030,428059,230914,359790,44704,211475,98168,395943,42326,216584,132746
36201,2020,252391,26272,130393,70811,120188,13371,63687,29640,132203,12901,66706,41171
36201,2010,264548,32795,164930,61457,125619,16716,80766,25143,138929,16079,84164,36314
36201,2015,258554,29732,151895,69378,123014,15206,74188,29428,135540,14526,77707,39950
36202,2020,54622,5592,29282,19121,25858,2911,14365,8296,28764,2681,14917,10825
36202,2010,61513,7408,37354,16323,29106,3787,18312,6780,32407,3621,19042,9543
36202,2015,59101,6600,33763,18448,28125,3431,16649,7910,30976,3169,17114,10538
36203,2020,36149,3683,19522,12528,17461,1924,9846,5442,18688,1759,9676,7086
36203,2010,40614,5131,24789,10661,19384,2643,12324,4399,21230,2488,12465,6262
36203,2015,38755,4456,22238,11934,18680,2292,11210,5089,20075,2164,11028,6845
36204,2020,69470,8291,37365,23131,33694,4236,19125,10037,35776,4055,18240,13094
36204,2010,76063,10244,45189,20283,36630,5201,22679,8526,39433,5043,22510,11757
36204,2015,73019,9365,41090,22250,35344,4767,20796,9593,37675,4598,20294,12657
36205,2020,38772,3896,19597,14666,18231,1976,9562,6346,20541,1920,10035,8320
36205,2010,44020,5046,25583,13280,20510,2556,12499,5383,23510,2490,13084,7897
36205,2015,41466,4434,22486,14336,19384,2203,10955,6099,22082,2231,11531,8237
36206,2020,34713,3531,17908,13202,16476,1794,8814,5832,18237,1737,9094,7370
36206,2010,39247,4595,23267,11305,18543,2338,11486,4668,20704,2257,11781,6637
36206,2015,37202,4134,20593,12427,17611,2100,10107,5382,19591,2034,10486,7045
36207,2020,28055,2767,14275,10953,13342,1463,7137,4701,14713,1304,7138,6252
36207,2010,32484,3540,18537,10338,15338,1829,9358,4106,17146,1711,9179,6232
36207,2015,30501,3084,16526,10796,14443,1601,8323,4456,16058,1483,8203,6340
36208,2020,23605,1961,10739,10868,11117,1014,5497,4580,12488,947,5242,6288
36208,2010,29951,2904,15655,11385,13962,1540,8006,4412,15989,1364,7649,6973
36208,2015,26836,2326,13500,10992,12483,1248,6844,4382,14353,1078,6656,6610
36301,2020,4837,433,2275,2128,2317,235,1157,924,2520,198,1118,1204
36301,2010,5765,571,3150,2032,2759,296,1605,849,3006,275,1545,1183
36301,2015,5301,504,2696,2101,2515,274,1345,896,2786,230,1351,1205
36302,2020,1380,97,511,772,651,47,268,336,729,50,243,436
36302,2010,1783,145,703,935,848,76,368,404,935,69,335,531
36302,2015,1545,111,593,841,741,54,316,371,804,57,277,470
36321,2020,2058,163,909,986,998,94,472,432,1060,69,437,554
36321,2010,2588,220,1384,984,1241,125,695,421,1347,95,689,563
36321,2015,2289,194,1107,988,1099,113,542,444,1190,81,565,544
36341,2020,24833,3045,13480,8199,11752,1573,6529,3587,13081,1472,6951,4612
36341,2010,25954,3416,15826,6705,12267,1748,7702,2812,13687,1668,8124,3893
36341,2015,25590,3232,14463,7670,12106,1672,6971,3317,13484,1560,7492,4353
36342,2020,4647,277,1845,2525,2183,157,948,1078,2464,120,897,1447
36342,2010,6038,395,2842,2801,2831,194,1496,1141,3207,201,1346,1660
36342,2015,5300,300,2378,2622,2494,171,1230,1093,2806,129,1148,1529
36368,2020,7367,559,2981,3808,3521,298,1589,1621,3846,261,1392,2187
36368,2010,9318,866,4497,3955,4397,454,2327,1616,4921,412,2170,2339
36368,2015,8402,698,3731,3914,3973,371,1938,1636,4429,327,1793,2278
36383,2020,3743,232,1495,2016,1735,117,775,843,2008,115,720,1173
36383,2010,4826,441,2378,2007,2224,235,1171,818,2602,206,1207,1189
36383,2015,4259,336,1880,2043,1965,177,934,854,2294,159,946,1189
36387,2020,6222,482,2668,3071,2923,237,1378,1308,3299,245,1290,1763
36387,2010,7765,706,3865,3193,3632,360,1952,1319,4133,346,1913,1874
36387,2015,7092,579,3305,3208,3302,287,1674,1341,3790,292,1631,1867
36388,2020,8358,623,3813,3873,3965,329,1894,1710,4393,294,1919,2163
36388,2010,10446,1098,5444,3900,4884,582,2695,1604,5562,516,2749,2296
36388,2015,9283,818,4451,3987,4351,441,2194,1701,4932,377,2257,2286
36401,2020,14583,1879,8772,3916,7193,950,4503,1732,7390,929,4269,2184
36401,2010,15070,2254,9825,2952,7464,1170,5026,1238,7606,1084,4799,1714
36401,2015,15204,2100,9388,3568,7585,1050,4879,1545,7619,1050,4509,2023
36402,2020,22745,3410,13241,5799,10976,1768,6522,2527,11769,1642,6719,3272
36402,2010,21658,3204,13584,4378,10464,1620,6694,1875,11194,1584,6890,2503
36402,2015,22446,3392,13480,5385,10826,1755,6598,2391,11620,1637,6882,2994
36403,2020,35246,5186,20635,8993,16868,2666,9925,4031,18378,2520,10710,4962
36403,2010,33338,5424,22133,5628,15886,2712,10652,2442,17452,2712,11481,3186
36403,2015,34626,5361,21445,7591,16574,2764,10312,3367,18052,2597,11133,4224
36404,2020,13042,1400,7226,4375,6262,741,3597,1898,6780,659,3629,2477
36404,2010,14241,1783,8903,3552,6790,927,4402,1458,7451,856,4501,2094
36404,2015,13358,1451,7851,4019,6355,773,3869,1699,7003,678,3982,2320
36405,2020,11384,1202,6141,4040,5431,622,3022,1786,5953,580,3119,2254
36405,2010,12727,1579,7875,3257,6023,790,3903,1318,6704,789,3972,1939
36405,2015,12039,1344,6777,3778,5721,684,3315,1648,6318,660,3462,2130
36468,2020,7715,583,3531,3596,3608,324,1769,1512,4107,259,1762,2084
36468,2010,10490,956,5347,4187,4866,502,2736,1628,5624,454,2611,2559
36468,2015,8927,749,4308,3869,4140,395,2203,1541,4787,354,2105,2328
36489,2020,13622,1565,7053,4969,6515,791,3541,2159,7107,774,3512,2810
36489,2010,15044,1875,8728,4428,7042,919,4378,1737,8002,956,4350,2691
36489,2015,14638,1730,8115,4769,6959,875,4083,1985,7679,855,4032,2784
37000,2020,950244,113757,518056,296533,459197,58240,260433,128331,491047,55517,257623,168202
37000,2010,995842,131670,595451,253245,479951,67368,296112,105866,515891,64302,299339,147379
37000,2015,976263,122324,547844,286296,472308,62766,274015,123355,503955,59558,273829,162941
37201,2020,417496,52018,233651,115270,202029,26622,116433,49699,215467,25396,117218,65571
37201,2010,419429,57943,255599,93667,203312,29536,126194,39308,216117,28407,129405,54359
37201,2015,420748,55082,240958,109369,205049,28198,119806,47398,215699,26884,121152,61971
37202,2020,109513,14667,61951,31435,53018,7513,31022,13760,56495,7154,30929,17675
37202,2010,110473,16221,66930,25323,53633,8253,33211,10718,56840,7968,33719,14605
37202,2015,110010,15054,63441,29572,53183,7663,31703,12764,56827,7391,31738,16808
37203,2020,50624,5584,26502,18171,24145,2868,13342,7709,26479,2716,13160,10462
37203,2010,55621,6701,32615,16158,26560,3460,16266,6714,29061,3241,16349,9444
37203,2015,53164,6264,28511,18133,25359,3230,14257,7699,27805,3034,14254,10434
37204,2020,31631,3866,17733,9666,15725,1978,9406,4160,15906,1888,8327,5506
37204,2010,33817,4394,20763,8614,16537,2276,10682,3552,17280,2118,10081,5062
37204,2015,32927,4215,19074,9497,16315,2174,10012,4046,16612,2041,9062,5451
37205,2020,57438,6689,30577,19433,27578,3464,15344,8329,29860,3225,15233,11104
37205,2010,62690,8063,36980,17472,29954,4156,18464,7209,32736,3907,18516,10263
37205,2015,59409,7162,32838,18983,28443,3741,16396,8069,30966,3421,16442,10914
37206,2020,47003,4566,24407,17369,22484,2292,12314,7567,24519,2274,12093,9802
37206,2010,53000,6322,30980,15379,25358,3281,15399,6463,27642,3041,15581,8916
37206,2015,50272,5405,27539,17044,24148,2770,13856,7370,26124,2635,13683,9674
37207,2020,28279,2467,13640,11990,13358,1242,6787,5244,14921,1225,6853,6746
37207,2010,33625,3580,18563,11390,15944,1877,9191,4792,17681,1703,9372,6598
37207,2015,31031,2983,15752,12244,14695,1530,7826,5298,16336,1453,7926,6946
37208,2020,61857,6963,32067,22573,29770,3558,16271,9810,32087,3405,15796,12763
37208,2010,68512,8346,39478,20623,32616,4200,19739,8632,35896,4146,19739,11991
37208,2015,65524,7754,35192,22441,31274,3926,17639,9645,34250,3828,17553,12796
37322,2020,12846,1222,6072,5528,6044,618,3021,2385,6802,604,3051,3143
37322,2010,15123,1587,8498,5038,7025,849,4182,1994,8098,738,4316,3044
37322,2015,14002,1372,7292,5337,6556,712,3614,2230,7446,660,3678,3107
37324,2020,13870,1238,6500,6117,6621,641,3350,2616,7249,597,3150,3501
37324,2010,16152,1651,8625,5860,7570,871,4330,2362,8582,780,4295,3498
37324,2015,14862,1351,7375,6136,7040,736,3729,2575,7822,615,3646,3561
37341,2020,26878,3441,14700,8445,12943,1764,7211,3802,13935,1677,7489,4643
37341,2010,28464,3830,17603,6878,13625,1958,8580,2996,14839,1872,9023,3882
37341,2015,27684,3452,15697,7817,13295,1761,7650,3502,14389,1691,8047,4315
37364,2020,3103,312,1691,1027,1646,155,973,463,1457,157,718,564
37364,2010,3325,359,1955,1009,1671,186,1065,419,1654,173,890,590
37364,2015,3139,313,1750,1073,1621,160,980,479,1518,153,770,594
37386,2020,18699,2655,11637,3964,9180,1356,5877,1719,9519,1299,5760,2245
37386,2010,18434,3188,11999,3127,9092,1578,6124,1304,9342,1610,5875,1823
37386,2015,18952,3069,11986,3627,9234,1549,5972,1552,9718,1520,6014,2075
37387,2020,22693,2618,11814,8188,10999,1338,5943,3674,11694,1280,5871,4514
37387,2010,24625,3042,14506,7006,11817,1576,7253,2945,12808,1466,7253,4061
37387,2015,23610,2777,13014,7808,11421,1443,6528,3442,12189,1334,6486,4366
37403,2020,8468,772,4201,3471,3938,412,2086,1424,4530,360,2115,2047
37403,2010,9967,1119,5457,3360,4562,574,2666,1302,5405,545,2791,2058
37403,2015,9186,926,4675,3564,4227,489,2302,1431,4959,437,2373,2133
37404,2020,22445,2568,12310,7244,11373,1319,6679,3123,11072,1249,5631,4121
37404,2010,23498,3091,14086,6303,11591,1576,7329,2672,11907,1515,6757,3631
37404,2015,23366,2908,13138,7132,11699,1512,6935,3092,11667,1396,6203,4040
37406,2020,17401,2111,8603,6642,8346,1100,4374,2847,9055,1011,4229,3795
37406,2010,19087,2233,10814,6038,9084,1161,5437,2484,10003,1072,5377,3554
37406,2015,18377,2237,9612,6519,8749,1172,4810,2763,9628,1065,4802,3756
38000,2020,1334841,153764,711738,434279,633062,78805,351549,182877,701779,74959,360189,251402
38000,2010,1431493,185179,858991,378591,673326,94802,419901,153756,758167,90377,439090,224835
38000,2015,1385262,169110,776111,417186,654380,86849,380949,173841,730882,82261,395162,243345
38201,2020,511192,61680,286198,139574,240292,31519,137229,58123,270900,30161,148969,81451
38201,2010,517231,69385,329568,112240,241586,35518,157186,45743,275645,33867,172382,66497
38201,2015,514865,64925,303024,128658,241656,33250,145012,53350,273209,31675,158012,75308
38202,2020,151672,16907,79655,53977,71799,8635,39899,22710,79873,8272,39756,31267
38202,2010,166532,20842,97664,47792,77893,10672,47629,19414,88639,10170,50035,28378
38202,2015,158114,18816,86057,52636,74336,9657,42303,22061,83778,9159,43754,30575
38203,2020,70809,7204,34997,28193,33213,3795,17458,11687,37596,3409,17539,16506
38203,2010,84210,10125,47690,26359,38856,5230,23293,10306,45354,4895,24397,16053
38203,2015,77465,8483,40680,28072,36006,4394,20022,11440,41459,4089,20658,16632
38204,2020,31987,3055,15625,13094,14971,1565,7815,5452,17016,1490,7810,7642
38204,2010,38370,4323,21361,12578,17766,2192,10522,4973,20604,2131,10839,7605
38204,2015,34951,3558,18209,13058,16282,1838,9033,5339,18669,1720,9176,7719
38205,2020,115938,14205,62529,37325,56004,7303,31991,15559,59934,6902,30538,21766
38205,2010,121735,16550,71730,32643,58219,8432,35985,13271,63516,8118,35745,19372
38205,2015,119903,15812,66679,36715,57551,8159,33691,15228,62352,7653,32988,21487
38206,2020,104791,12925,56521,34403,50615,6571,28874,14638,54176,6354,27647,19765
38206,2010,112091,15294,66403,30076,53757,7817,33339,12360,58334,7477,33064,17716
38206,2015,108174,13857,60473,32793,51807,7067,30374,13799,56367,6790,30099,18994
38207,2020,40575,4560,20500,14954,19423,2344,10293,6457,21152,2216,10207,8497
38207,2010,47157,6155,26711,14190,22306,3199,13267,5783,24851,2956,13444,8407
38207,2015,44086,5370,23586,14715,21013,2810,11731,6229,23073,2560,11855,8486
38210,2020,35133,4295,18720,11996,16385,2242,9045,5046,18748,2053,9675,6950
38210,2010,38017,4927,22506,10558,17550,2490,10805,4236,20467,2437,11701,6322
38210,2015,36827,4609,20602,11556,17083,2420,9866,4774,19744,2189,10736,6782
38213,2020,82754,8843,42207,26658,40468,4546,21567,11542,42286,4297,20640,15116
38213,2010,90187,11821,54314,23369,43659,6058,27597,9616,46528,5763,26717,13753
38213,2015,87413,10741,49719,26123,42596,5517,25415,11134,44817,5224,24304,14989
38214,2020,35388,3571,16127,15578,16635,1840,8186,6554,18753,1731,7941,9024
38214,2010,42080,4744,21788,15536,19578,2527,10836,6205,22502,2217,10952,9331
38214,2015,38919,4199,18830,15867,18167,2206,9407,6542,20752,1993,9423,9325
38215,2020,33903,4147,19105,10216,16180,2100,9378,4444,17723,2047,9727,5772
38215,2010,35253,4683,21963,8402,16975,2344,11006,3519,18278,2339,10957,4883
38215,2015,34613,4393,20446,9526,16622,2195,10205,4070,17991,2198,10241,5456
38356,2020,6509,455,3088,2953,3421,235,1884,1293,3088,220,1204,1660
38356,2010,7648,602,4164,2881,3905,272,2420,1212,3743,330,1744,1669
38356,2015,7135,548,3554,3026,3677,263,2095,1313,3458,285,1459,1713
38386,2020,7404,551,3110,3655,3513,282,1645,1542,3891,269,1465,2113
38386,2010,9644,899,4406,4329,4498,443,2285,1763,5146,456,2121,2566
38386,2015,8447,728,3712,3984,3957,372,1930,1643,4490,356,1782,2341
38401,2020,29630,3933,16323,9267,13911,2000,7906,3941,15719,1933,8417,5326
38401,2010,30359,4201,18518,7626,14315,2206,8890,3211,16044,1995,9628,4415
38401,2015,30064,4007,17301,8703,14139,2049,8382,3672,15925,1958,8919,5031
38402,2020,20480,2425,10864,6987,9519,1209,5193,3017,10961,1216,5671,3970
38402,2010,21981,2921,13491,5447,10347,1522,6439,2318,11634,1399,7052,3129
38402,2015,21239,2671,12161,6323,9995,1373,5846,2743,11244,1298,6315,3580
38422,2020,15322,1610,7437,6267,7303,854,3728,2714,8019,756,3709,3553
38422,2010,18045,2190,9650,6204,8499,1116,4885,2498,9546,1074,4765,3706
38422,2015,16742,1904,8422,6352,7913,990,4268,2631,8829,914,4154,3721
38442,2020,8397,636,3780,3979,4036,322,2012,1701,4361,314,1768,2278
38442,2010,10882,1066,5569,4247,5125,527,2919,1679,5757,539,2650,2568
38442,2015,9626,839,4637,4150,4597,424,2479,1694,5029,415,2158,2456
38484,2020,3674,303,1635,1733,1725,143,842,738,1949,160,793,995
38484,2010,4377,471,2274,1632,2067,241,1152,674,2310,230,1122,958
38484,2015,4072,354,1984,1726,1887,177,987,720,2185,177,997,1006
38488,2020,9682,874,4280,4528,4463,475,2087,1901,5219,399,2193,2627
38488,2010,11633,1290,5924,4419,5363,644,2941,1778,6270,646,2983,2641
38488,2015,10705,1159,5027,4516,4927,592,2479,1856,5778,567,2548,2660
38506,2020,19601,1585,9037,8942,9186,825,4517,3818,10415,760,4520,5124
38506,2010,24061,2690,13297,8063,11062,1352,6505,3197,12999,1338,6792,4866
38506,2015,21902,2137,11008,8687,10169,1096,5424,3603,11733,1041,5584,5084
39000,2020,691527,74946,362200,241787,326531,38272,179947,100977,364996,36674,182253,140810
39000,2010,764456,92798,447540,218148,359134,47605,220775,87120,405322,45193,226765,131028
39000,2015,728276,83884,400605,237012,342672,42777,198022,97919,385604,41107,202583,139093
39201,2020,326545,38125,182962,95909,152455,19395,88347,39118,174090,18730,94615,56791
39201,2010,343393,45274,212868,79935,159644,23090,101953,31410,183749,22184,110915,48525
39201,2015,337190,42364,197306,91788,157002,21515,94817,37320,180188,20849,102489,54468
39202,2020,11742,801,4850,6040,5648,409,2593,2618,6094,392,2257,3422
39202,2010,15210,1285,8077,5810,7177,662,4079,2405,8033,623,3998,3405
39202,2015,13524,1024,6362,6129,6392,530,3251,2606,7132,494,3111,3523
39203,2020,16243,1490,7941,6638,7754,766,4057,2823,8489,724,3884,3815
39203,2010,19547,2139,11148,6237,9232,1085,5567,2565,10315,1054,5581,3672
39203,2015,17577,1811,9127,6574,8334,915,4600,2781,9243,896,4527,3793
39204,2020,46664,5633,25521,14850,22130,2876,12694,6231,24534,2757,12827,8619
39204,2010,49472,6592,30092,12535,23476,3432,14911,4988,25996,3160,15181,7547
39204,2015,47982,6061,27501,14107,22724,3110,13623,5820,25258,2951,13878,8287
39205,2020,25732,2842,13332,9463,12384,1496,6816,4018,13348,1346,6516,5445
39205,2010,28686,3313,16834,8533,13715,1726,8498,3487,14971,1587,8336,5046
39205,2015,27038,3048,14625,9347,13091,1604,7528,3945,13947,1444,7097,5402
39206,2020,20590,1940,10177,8356,10068,988,5404,3595,10522,952,4773,4761
39206,2010,24698,2731,14071,7866,12095,1468,7397,3203,12603,1263,6674,4663
39206,2015,22606,2280,12096,8184,11025,1175,6400,3416,11581,1105,5696,4768
39208,2020,19033,1980,9209,7367,8914,998,4607,3067,10119,982,4602,4300
39208,2010,22610,2801,13093,6661,10534,1424,6461,2618,12076,1377,6632,4043
39208,2015,20907,2396,11215,7265,9714,1186,5518,2993,11193,1210,5697,4272
39209,2020,12388,895,5220,6259,5842,461,2650,2720,6546,434,2570,3539
39209,2010,16029,1589,8156,6284,7361,794,4005,2562,8668,795,4151,3722
39209,2015,13778,1147,6294,6337,6421,583,3138,2700,7357,564,3156,3637
39210,2020,32694,3644,16570,12018,15455,1838,8280,5045,17239,1806,8290,6973
39210,2010,35933,4537,20598,10686,16932,2309,10315,4225,19001,2228,10283,6461
39210,2015,34313,4052,18391,11716,16183,2038,9187,4858,18130,2014,9204,6858
39211,2020,32207,3949,17585,10452,15545,2033,8945,4432,16662,1916,8640,6020
39211,2010,33830,4657,19942,9165,16332,2409,10166,3708,17498,2248,9776,5457
39211,2015,32961,4365,18375,10132,15847,2241,9243,4304,17114,2124,9132,5828
39212,2020,26513,2632,13352,10123,12848,1353,7121,4156,13665,1279,6231,5967
39212,2010,28766,2912,16124,9670,13873,1513,8480,3832,14893,1399,7644,5838
39212,2015,27513,2673,14539,10111,13261,1371,7663,4122,14252,1302,6876,5989
39301,2020,2194,133,945,1116,1085,66,528,491,1109,67,417,625
39301,2010,2947,261,1491,1195,1423,141,783,499,1524,120,708,696
39301,2015,2584,190,1233,1160,1270,92,667,510,1314,98,566,650
39302,2020,3034,254,1353,1418,1399,140,679,574,1635,114,674,844
39302,2010,3542,351,1834,1355,1588,194,866,526,1954,157,968,829
39302,2015,3326,310,1584,1427,1511,166,782,560,1815,144,802,867
39303,2020,2498,235,1182,1060,1174,112,614,436,1324,123,568,624
39303,2010,2932,311,1555,1066,1384,172,795,417,1548,139,760,649
39303,2015,2733,259,1386,1088,1290,130,732,428,1443,129,654,660
39304,2020,2370,210,1069,1081,1144,111,561,463,1226,99,508,618
39304,2010,2970,250,1579,1141,1423,125,826,472,1547,125,753,669
39304,2015,2631,203,1277,1151,1256,113,657,486,1375,90,620,665
39305,2020,1146,102,539,505,552,49,291,212,594,53,248,293
39305,2010,1367,149,669,549,635,72,351,212,732,77,318,337
39305,2015,1294,140,604,550,607,68,316,223,687,72,288,327
39306,2020,745,82,358,305,358,38,186,134,387,44,172,171
39306,2010,1013,120,538,355,493,61,281,151,520,59,257,204
39306,2015,823,90,409,324,391,41,215,135,432,49,194,189
39307,2020,3694,399,1806,1489,1724,203,936,585,1970,196,870,904
39307,2010,4048,456,2203,1389,1848,230,1096,522,2200,226,1107,867
39307,2015,3858,428,1940,1488,1802,219,1000,581,2056,209,940,907
39341,2020,3261,280,1419,1560,1516,130,758,627,1745,150,661,933
39341,2010,4103,356,2096,1651,1952,192,1106,654,2151,164,990,997
39341,2015,3573,321,1715,1537,1726,162,925,639,1847,159,790,898
39344,2020,3252,183,1160,1907,1546,98,631,816,1706,85,529,1091
39344,2010,4719,243,1927,2549,2128,115,1024,989,2591,128,903,1560
39344,2015,3962,188,1559,2215,1817,97,847,873,2145,91,712,1342
39363,2020,3753,363,1588,1801,1780,193,833,753,1973,170,755,1048
39363,2010,4358,403,2083,1872,2039,200,1087,752,2319,203,996,1120
39363,2015,3997,382,1823,1792,1869,189,956,724,2128,193,867,1068
39364,2020,366,45,171,150,189,24,96,69,177,21,75,81
39364,2010,411,34,195,182,205,18,110,77,206,16,85,105
39364,2015,396,41,184,171,202,24,106,72,194,17,78,99
39386,2020,21374,2042,10725,8404,10179,1047,5349,3645,11195,995,5376,4759
39386,2010,25062,2766,14622,7674,11915,1401,7319,3195,13147,1365,7303,4479
39386,2015,22767,2257,12326,8105,10797,1166,6138,3450,11970,1091,6188,4655
39387,2020,4827,347,1790,2685,2306,194,975,1134,2521,153,815,1551
39387,2010,6500,535,2698,3267,3045,288,1431,1326,3455,247,1267,1941
39387,2015,5551,387,2170,2994,2602,209,1166,1227,2949,178,1004,1767
39401,2020,6002,502,2602,2895,2782,235,1321,1224,3220,267,1281,1671
39401,2010,7584,762,3911,2911,3536,361,1999,1176,4048,401,1912,1735
39401,2015,6840,626,3273,2941,3170,274,1654,1242,3670,352,1619,1699
39402,2020,12323,1327,5916,5058,5751,671,2891,2173,6572,656,3025,2885
39402,2010,13951,1623,7674,4650,6524,819,3792,1909,7427,804,3882,2741
39402,2015,13114,1510,6657,4947,6158,771,3254,2133,6956,739,3403,2814
39403,2020,5187,421,2323,2441,2390,213,1164,1013,2797,208,1159,1428
39403,2010,6374,603,3128,2643,2914,300,1564,1050,3460,303,1564,1593
39403,2015,5795,506,2659,2629,2669,254,1338,1077,3126,252,1321,1552
39405,2020,3307,320,1456,1531,1611,158,784,669,1696,162,672,862
39405,2010,3984,395,2020,1569,1949,200,1103,646,2035,195,917,923
39405,2015,3608,346,1735,1527,1750,181,925,644,1858,165,810,883
39410,2020,4812,432,2307,2073,2282,236,1162,884,2530,196,1145,1189
39410,2010,5447,581,3064,1802,2566,303,1539,724,2881,278,1525,1078
39410,2015,5030,472,2582,1976,2337,233,1269,835,2693,239,1313,1141
39411,2020,5291,552,2351,2388,2516,286,1201,1029,2775,266,1150,1359
39411,2010,6407,731,3258,2418,3063,383,1683,997,3344,348,1575,1421
39411,2015,5794,641,2747,2406,2750,334,1414,1002,3044,307,1333,1404
39412,2020,15607,1479,7061,6979,7442,770,3624,2995,8165,709,3437,3984
39412,2010,18733,2050,9470,7209,8797,1063,4838,2893,9936,987,4632,4316
39412,2015,17325,1739,8224,7323,8197,915,4226,3044,9128,824,3998,4279
39424,2020,4434,312,1946,2176,2128,155,1004,969,2306,157,942,1207
39424,2010,5783,569,2941,2273,2738,305,1520,913,3045,264,1421,1360
39424,2015,5095,446,2409,2240,2424,231,1249,944,2671,215,1160,1296
39427,2020,1437,104,657,676,690,63,358,269,747,41,299,407
39427,2010,1681,162,826,693,801,98,421,282,880,64,405,411
39427,2015,1574,145,716,713,749,87,370,292,825,58,346,421
39428,2020,10262,891,4757,4614,4944,467,2487,1990,5318,424,2270,2624
39428,2010,12366,1257,6755,4353,5797,652,3409,1735,6569,605,3346,2618
39428,2015,11217,1036,5562,4618,5334,553,2848,1933,5883,483,2714,2685
40000,2020,5135214,662179,2911353,1395142,2430951,338523,1419521,583959,2704263,323656,1491832,811183
40000,2010,5071968,684124,3227932,1123376,2393965,349867,1568816,454694,2678003,334257,1659116,668682
40000,2015,5101556,676045,3057855,1304764,2410418,345945,1488873,540362,2691138,330100,1568982,764402
40100,2020,939029,109590,503800,286177,443269,55857,247580,117819,495760,53733,256220,168358
40100,2010,976846,126391,599183,244860,459305,64663,292057,99040,517541,61728,307126,145820
40100,2015,961286,119448,549397,277120,452682,61060,269059,113597,508604,58388,280338,163523
40101,2020,93842,9328,44413,34408,43051,4727,21297,13893,50791,4601,23116,20515
40101,2010,104469,12040,60181,32014,47854,6185,28845,12655,56615,5855,31336,19359
40101,2015,99637,11224,52241,35060,45658,5776,25068,14157,53979,5448,27173,20903
40103,2020,80533,10206,43336,26158,38307,5188,21631,10986,42226,5018,21705,15172
40103,2010,85167,11094,51625,22342,40140,5657,25444,8971,45027,5437,26181,13371
40103,2015,82844,10733,47023,24896,39115,5436,23248,10284,43729,5297,23775,14612
40105,2020,57494,6286,32015,17824,28038,3197,16686,7334,29456,3089,15329,10490
40105,2010,61583,7492,37940,16009,29869,3781,19587,6389,31714,3711,18353,9620
40105,2015,59116,6903,34441,17531,28718,3511,17915,7106,30398,3392,16526,10425
40106,2020,183407,19473,99389,51082,86089,9862,48282,20545,97318,9611,51107,30537
40106,2010,181936,20407,113772,43267,85188,10407,55257,17140,96748,10000,58515,26127
40106,2015,181878,19394,104914,50075,85098,9847,50783,20189,96780,9547,54131,29886
40107,2020,209028,26857,116317,59717,99584,13789,57103,25135,109444,13068,59214,34582
40107,2010,214793,31719,134974,47713,102237,16401,65577,20033,112556,15318,69397,27680
40107,2015,212850,29924,126427,55703,101121,15431,61769,23439,111729,14493,64658,32264
40108,2020,64792,6988,33385,23284,30400,3570,16713,9505,34392,3418,16672,13779
40108,2010,71801,7745,41484,22381,33190,3934,20387,8749,38611,3811,21097,13632
40108,2015,68844,7586,37416,23612,32260,3896,18784,9411,36584,3690,18632,14201
40109,2020,249933,30452,134945,73704,117800,15524,65868,30421,132133,14928,69077,43283
40109,2010,257097,35894,159207,61134,120827,18298,76960,25103,136270,17596,82247,36031
40109,2015,256117,33684,146935,70243,120712,17163,71492,29011,135405,16521,75443,41232
40130,2020,1612392,204973,990298,338930,761148,104834,475234,140781,851244,100139,515064,198149
40130,2010,1463743,191824,997884,254085,692648,98062,480909,102454,771095,93762,516975,151631
40130,2015,1538681,199923,996401,312331,726666,102307,480061,128393,812015,97616,516340,183938
40131,2020,322503,44624,198366,69637,156725,22779,98491,29804,165778,21845,99875,39833
40131,2010,292199,41272,197419,50090,142190,21055,98244,20793,150009,20217,99175,29297
40131,2015,306015,43380,196831,62089,148974,22148,98243,26328,157041,21232,98588,35761
40132,2020,252034,24119,163022,41730,121654,12281,80558,17150,130380,11838,82464,24580
40132,2010,212527,21276,148740,34371,101725,10941,72992,13366,110802,10335,75748,21005
40132,2015,228441,21491,151343,42134,109199,10919,74276,17171,119242,10572,77067,24963
40133,2020,205501,20432,132168,34976,92450,10240,58791,13858,113051,10192,73377,21118
40133,2010,178429,17562,127849,27724,79305,8889,56897,10611,99124,8673,70952,17113
40133,2015,192688,19531,133279,33581,85822,9843,59480,13163,106866,9688,73799,20418
40134,2020,265583,36103,163020,60079,122925,18450,77017,24782,142658,17653,86003,35297
40134,2010,247096,33528,167308,45186,115544,17148,79763,18026,131552,16380,87545,27160
40134,2015,255797,34626,163562,55430,119084,17830,77786,22423,136713,16796,85776,33007
40135,2020,212579,30334,123786,49317,100887,15601,59943,20561,111692,14733,63843,28756
40135,2010,193280,30181,126224,36540,92470,15488,61746,15036,100810,14693,64478,21504
40135,2015,206868,31405,129439,44772,99266,16192,63828,18467,107602,15213,65611,26305
40136,2020,132864,16709,78051,31170,62325,8549,37654,12905,70539,8160,40397,18265
40136,2010,128659,16495,88231,22940,61438,8445,43097,9352,67221,8050,45134,13588
40136,2015,130995,16837,84258,28215,61627,8604,40717,11573,69368,8233,43541,16642
40137,2020,221328,32652,131885,52021,104182,16934,62780,21721,117146,15718,69105,30300
40137,2010,211553,31510,142113,37234,99976,16096,68170,15270,111577,15414,73943,21964
40137,2015,217877,32653,137689,46110,102694,16771,65731,19268,115183,15882,71958,26842
40202,2020,111281,12194,56397,41290,51262,6271,27655,16663,60019,5923,28742,24627
40202,2010,123638,14235,71030,37816,56215,7299,34287,14321,67423,6936,36743,23495
40202,2015,117360,12726,62270,40542,53859,6591,30238,16000,63501,6135,32032,24542
40203,2020,303316,37877,160800,80051,144522,19379,78227,33470,158794,18498,82573,46581
40203,2010,302402,41720,189948,66194,143885,21266,93153,26839,158517,20454,96795,39355
40203,2015,304552,41133,179398,76256,144971,21106,87557,31709,159581,20027,91841,44547
40204,2020,56212,7336,29633,19005,26403,3839,14766,7678,29809,3497,14867,11327
40204,2010,57686,7355,34335,15930,26718,3746,16654,6274,30968,3609,17681,9656
40204,2015,57146,7455,31585,17941,26673,3877,15459,7236,30473,3578,16126,10705
40205,2020,126364,16215,68782,39727,60174,8306,34585,16235,66190,7909,34197,23492
40205,2010,131492,16856,81768,32755,62166,8610,40790,12689,69326,8246,40978,20066
40205,2015,129146,16338,74512,37210,61249,8374,37275,15034,67897,7964,37237,22176
40206,2020,46203,5711,23890,15939,21056,2831,11510,6386,25147,2880,12380,9553
40206,2010,50605,6524,29867,14163,22915,3323,14132,5436,27690,3201,15735,8727
40206,2015,48441,6278,26553,15480,21970,3190,12627,6086,26471,3088,13926,9394
40207,2020,64475,7632,34830,21580,30437,3912,17167,9103,34038,3720,17663,12477
40207,2010,71375,9195,43015,19165,33497,4682,20988,7827,37878,4513,22027,11338
40207,2015,67777,8345,38542,20815,31902,4273,18923,8654,35875,4072,19619,12161
40210,2020,60608,7024,30942,22037,28451,3581,15283,9287,32157,3443,15659,12750
40210,2010,69057,8613,39892,20519,32310,4428,19633,8227,36747,4185,20259,12292
40210,2015,64408,7604,35223,21451,30131,3868,17409,8777,34277,3736,17814,12674
40211,2020,48827,7103,28176,13329,23400,3635,13859,5761,25427,3468,14317,7568
40211,2010,48512,7250,29578,10918,23011,3755,14431,4455,25501,3495,15147,6463
40211,2015,48339,7120,28679,12456,23011,3655,14073,5232,25328,3465,14606,7224
40212,2020,32988,3451,17544,11791,15427,1720,8546,5071,17561,1731,8998,6720
40212,2010,37448,4488,22236,10698,17757,2335,10930,4479,19691,2153,11306,6219
40212,2015,34838,3668,19579,11456,16389,1859,9595,4877,18449,1809,9984,6579
40213,2020,71426,9417,39439,21649,34120,4833,19620,9132,37306,4584,19819,12517
40213,2010,70468,9807,43686,16843,33259,4970,21305,6908,37209,4837,22381,9935
40213,2015,70586,9592,41059,19770,33506,4928,20251,8217,37080,4664,20808,11553
40214,2020,24391,2818,12298,9127,11378,1422,6105,3779,13013,1396,6193,5348
40214,2010,27031,3395,15430,8204,12564,1722,7592,3249,14467,1673,7838,4955
40214,2015,25940,3087,13609,8964,12107,1568,6702,3685,13833,1519,6907,5279
40215,2020,40362,4405,20583,15106,18961,2297,10209,6266,21401,2108,10374,8840
40215,2010,44210,5122,25915,13124,20428,2597,12354,5436,23782,2525,13561,7688
40215,2015,41796,4616,22489,14585,19371,2380,10904,6027,22425,2236,11585,8558
40216,2020,59360,8115,33967,16834,27825,4093,16295,7216,31535,4022,17672,9618
40216,2010,58499,9094,36205,13162,27506,4678,17255,5548,30993,4416,18950,7614
40216,2015,57983,8286,34489,15089,27203,4257,16500,6380,30780,4029,17989,8709
40217,2020,103311,14813,60682,26417,49289,7618,29282,11546,54022,7195,31400,14871
40217,2010,100172,15175,66368,18504,47750,7751,32026,7885,52422,7424,34342,10619
40217,2015,101081,14927,62860,23028,47995,7635,30228,9967,53086,7292,32632,13061
40218,2020,111023,16905,67730,24377,53099,8758,32786,10716,57924,8147,34944,13661
40218,2010,106780,17670,71569,17151,51445,9150,34612,7470,55335,8520,36957,9681
40218,2015,110743,17497,70196,21576,53284,9041,33898,9524,57459,8456,36298,12052
40219,2020,102085,15654,61537,22374,48887,8002,29836,9678,53198,7652,31701,12696
40219,2010,95087,15363,63292,16290,45505,7801,30643,6959,49582,7562,32649,9331
40219,2015,99525,15767,63103,20226,47711,8036,30647,8750,51814,7731,32456,11476
40220,2020,97095,13338,53601,28276,46143,6815,26165,12312,50952,6523,27436,15964
40220,2010,95501,12807,60993,21476,44930,6529,29060,9222,50571,6278,31933,12254
40220,2015,96516,13057,57512,25527,45944,6709,27811,11142,50572,6348,29701,14385
40221,2020,73164,10355,41044,20332,34743,5323,19765,8781,38421,5032,21279,11551
40221,2010,70482,10045,45099,15129,33199,5206,21417,6478,37283,4839,23682,8651
40221,2015,72168,10549,42658,18632,34108,5406,20428,8062,38060,5143,22230,10570
40223,2020,58786,8364,34049,16247,27924,4254,16529,7054,30862,4110,17520,9193
40223,2010,57920,8450,38263,11134,27624,4362,18481,4736,30296,4088,19782,6398
40223,2015,57959,8266,35455,14123,27540,4235,17169,6063,30419,4031,18286,8060
40224,2020,67033,10984,36478,18887,31286,5580,17424,8008,35747,5404,19054,10879
40224,2010,55431,7085,34005,14337,25672,3597,16052,6019,29759,3488,17953,8318
40224,2015,58781,8402,33451,16917,27244,4263,15812,7164,31537,4139,17639,9753
40225,2020,27981,3377,13999,9876,13145,1757,6975,4031,14836,1620,7024,5845
40225,2010,31640,4264,18608,8749,14773,2193,9189,3380,16867,2071,9419,5369
40225,2015,29509,3823,16272,9414,13831,1984,8046,3801,15678,1839,8226,5613
40226,2020,26298,3141,13393,9644,12379,1612,6732,3975,13919,1529,6661,5669
40226,2010,30081,3810,17561,8708,13980,1956,8768,3254,16101,1854,8793,5454
40226,2015,28112,3452,15289,9312,13110,1789,7621,3671,15002,1663,7668,5641
40227,2020,35473,3893,17155,14340,16400,2004,8529,5797,19073,1889,8626,8543
40227,2010,42589,5156,24520,12910,19400,2698,11984,4717,23189,2458,12536,8193
40227,2015,38743,4416,20479,13828,17682,2252,10044,5373,21061,2164,10435,8455
40228,2020,50273,6071,26115,17523,23546,3025,12867,7369,26727,3046,13248,10154
40228,2010,56355,7255,33467,15560,26284,3635,16482,6134,30071,3620,16985,9426
40228,2015,52444,6307,28952,16607,24532,3215,14274,6764,27912,3092,14678,9843
40229,2020,35861,3992,18024,13749,16675,2002,8757,5864,19186,1990,9267,7885
40229,2010,40732,4787,23528,12409,18963,2431,11557,4971,21769,2356,11971,7438
40229,2015,38139,4336,20503,13270,17763,2141,10046,5557,20376,2195,10457,7713
40230,2020,98877,13669,55280,29578,46984,7068,26838,12892,51893,6601,28442,16686
40230,2010,98435,14165,62542,21548,46532,7214,30220,9012,51903,6951,32322,12536
40230,2015,96475,13109,57101,25900,45599,6692,27621,11106,50876,6417,29480,14794
40231,2020,50112,8136,29916,11704,24194,4118,14647,5210,25918,4018,15269,6494
40305,2010,49780,9057,32702,7973,24185,4640,16035,3488,25595,4417,16667,4485
40305,2015,50004,8669,31085,10129,24105,4399,15181,4452,25899,4270,15904,5677
40341,2020,37671,5331,21789,10408,18964,2757,11356,4758,18707,2574,10433,5650
40341,2010,38592,5648,25949,6991,19464,2911,13514,3036,19128,2737,12435,3955
40341,2015,37927,5529,23538,8845,19098,2821,12206,4058,18829,2708,11332,4787
40342,2020,31209,4654,18481,7985,15014,2416,9106,3448,16195,2238,9375,4537
40342,2010,31318,5335,19882,6101,14994,2752,9760,2482,16324,2583,10122,3619
40342,2015,31210,4971,19029,7165,14998,2570,9353,3053,16212,2401,9676,4112
40343,2020,46377,7487,27314,11034,22291,3821,13498,4571,24086,3666,13816,6463
40343,2010,43564,7439,28053,8055,20850,3809,13738,3291,22714,3630,14315,4764
40343,2015,45256,7687,27569,9947,21624,3908,13525,4152,23632,3779,14044,5795
40344,2020,28628,4777,15750,7847,13760,2475,7847,3324,14868,2302,7903,4523
40344,2010,26044,3939,16465,5635,12499,1984,8177,2334,13545,1955,8288,3301
40344,2015,27263,4423,15705,7066,13144,2246,7847,3010,14119,2177,7858,4056
40345,2020,32927,6820,19912,6024,15894,3395,9728,2663,17033,3425,10184,3361
40345,2010,24679,4352,16487,3837,11973,2226,8161,1583,12706,2126,8326,2254
40345,2015,30344,6280,19050,4969,14799,3202,9397,2168,15545,3078,9653,2801
40348,2020,9068,1511,5048,2471,4281,786,2440,1031,4787,725,2608,1440
40348,2010,8373,1340,5051,1982,3974,688,2450,836,4399,652,2601,1146
40348,2015,8225,1302,4623,2283,3948,668,2286,983,4277,634,2337,1300
40349,2020,48190,8617,30431,8514,23840,4361,15424,3664,24350,4256,15007,4850
40349,2010,41997,7572,28007,6190,20678,3848,14001,2679,21319,3724,14006,3511
40349,2015,45360,8503,29125,7641,22384,4304,14686,3326,22976,4199,14439,4315
40381,2020,13545,1645,7531,4363,6629,800,4003,1822,6916,845,3528,2541
40381,2010,15369,2329,9285,3745,7502,1163,4823,1511,7867,1166,4462,2234
40381,2015,14208,1935,8164,4108,6978,960,4303,1714,7230,975,3861,2394
40382,2020,28114,3500,15191,9305,13074,1754,7424,3851,15040,1746,7767,5454
40382,2010,30021,3363,17827,7424,13946,1684,8608,2958,16075,1679,9219,4466
40382,2015,28997,3460,16731,8754,13492,1738,8133,3593,15505,1722,8598,5161
40383,2020,31007,4075,16217,10309,14481,2104,7827,4369,16526,1971,8390,5940
40383,2010,32119,4454,18998,8647,15084,2341,9073,3658,17035,2113,9925,4989
40383,2015,31580,4347,17401,9821,14769,2245,8398,4120,16811,2102,9003,5701
40384,2020,18723,2387,9789,6497,8795,1229,4722,2821,9928,1158,5067,3676
40384,2010,19160,2305,11915,4929,9016,1143,5703,2162,10144,1162,6212,2767
40384,2015,18877,2426,10650,5798,8918,1206,5144,2566,9959,1220,5506,3232
40401,2020,7151,605,3523,3021,3406,317,1865,1224,3745,288,1658,1797
40401,2010,8602,929,5002,2670,3967,485,2463,1019,4635,444,2539,1651
40401,2015,7810,740,4156,2907,3658,388,2106,1157,4152,352,2050,1750
40402,2020,15080,1653,7501,5915,7074,825,3753,2487,8006,828,3748,3428
40402,2010,17088,1901,10311,4872,8082,980,5135,1963,9006,921,5176,2909
40402,2015,16007,1815,8657,5527,7529,903,4240,2382,8478,912,4417,3145
40421,2020,12878,1618,6690,4523,6018,853,3252,1905,6860,765,3438,2618
40421,2010,13863,1719,8592,3545,6430,898,4188,1340,7433,821,4404,2205
40421,2015,13496,1725,7694,4065,6325,924,3730,1666,7171,801,3964,2399
40447,2020,29591,4128,16156,9238,14061,2115,7997,3903,15530,2013,8159,5335
40447,2010,29155,4067,18193,6888,13736,2076,8931,2724,15419,1991,9262,4164
40447,2015,29306,4038,16982,8270,13879,2087,8322,3459,15427,1951,8660,4811
40448,2020,1899,184,846,869,868,90,419,359,1031,94,427,510
40448,2010,2432,253,1256,923,1132,131,654,347,1300,122,602,576
40448,2015,2174,222,1071,881,987,114,541,332,1187,108,530,549
40503,2020,15521,2339,8798,4351,7438,1206,4340,1873,8083,1133,4458,2478
40503,2010,15284,2257,9647,3364,7179,1128,4701,1340,8105,1129,4946,2024
40503,2015,15138,2177,9023,3924,7188,1120,4422,1637,7950,1057,4601,2287
40522,2020,13820,2097,7666,4036,6545,1071,3749,1714,7275,1026,3917,2322
40522,2010,14350,2245,8887,3209,6715,1150,4273,1286,7635,1095,4614,1923
40522,2015,14176,2253,8257,3651,6714,1166,4014,1523,7462,1087,4243,2128
40544,2020,19969,2671,10991,6002,9589,1343,5565,2511,10380,1328,5426,3491
40544,2010,20253,2989,12433,4794,9682,1515,6210,1925,10571,1474,6223,2869
40544,2015,20183,2900,11723,5443,9672,1470,5862,2264,10511,1430,5861,3179
40601,2020,10191,1135,4795,4238,4737,568,2366,1786,5454,567,2429,2452
40601,2010,11685,1368,6602,3715,5334,703,3171,1460,6351,665,3431,2255
40601,2015,10861,1256,5515,4044,5004,620,2706,1658,5857,636,2809,2386
40602,2020,8801,856,4018,3926,4128,449,2032,1647,4673,407,1986,2279
40602,2010,10909,1214,6016,3679,5036,630,2945,1461,5873,584,3071,2218
40602,2015,9924,1060,5001,3863,4617,547,2486,1584,5307,513,2515,2279
40604,2020,8407,1135,4055,3215,3843,572,1959,1310,4564,563,2096,1905
40604,2010,9617,1245,5536,2836,4368,623,2682,1063,5249,622,2854,1773
40604,2015,9020,1159,4710,3142,4073,585,2257,1225,4947,574,2453,1917
40605,2020,15176,1787,7456,5932,6918,921,3557,2439,8258,866,3899,3493
40605,2010,18264,2486,10533,5243,8247,1263,5007,1976,10017,1223,5526,3267
40605,2015,16789,2166,8941,5663,7604,1114,4241,2238,9185,1052,4700,3425
40608,2020,5008,731,2327,1948,2262,381,1112,767,2746,350,1215,1181
40608,2010,5503,686,3218,1599,2480,337,1576,567,3023,349,1642,1032
40608,2015,5176,668,2722,1784,2342,340,1331,669,2834,328,1391,1115
40609,2020,2774,352,1301,1119,1295,181,630,483,1479,171,671,636
40609,2010,3251,386,1889,976,1508,198,931,379,1743,188,958,597
40609,2015,3022,364,1560,1098,1410,188,772,450,1612,176,788,648
40610,2020,21398,2691,10637,8066,9984,1402,5192,3387,11414,1289,5445,4679
40610,2010,24714,3302,14552,6860,11454,1738,7117,2599,13260,1564,7435,4261
40610,2015,22871,3010,12363,7456,10616,1581,6020,2984,12255,1429,6343,4472
40621,2020,37684,5185,21919,8879,19639,2700,12031,3867,18045,2485,9888,5012
40621,2010,36005,5070,23004,7454,18137,2602,12027,3117,17868,2468,10977,4337
40621,2015,34963,4990,21210,8251,17646,2563,11088,3532,17317,2427,10122,4719
40625,2020,18825,1907,8998,7915,8803,961,4482,3358,10022,946,4516,4557
40625,2010,21572,2474,12234,6861,9942,1243,6011,2686,11630,1231,6223,4175
40625,2015,20243,2246,10409,7583,9382,1118,5129,3132,10861,1128,5280,4451
40642,2020,6536,853,3540,2115,3068,429,1758,867,3468,424,1782,1248
40642,2010,6792,1015,4010,1760,3191,535,1937,715,3601,480,2073,1045
40642,2015,6627,984,3654,1987,3077,504,1772,800,3550,480,1882,1187
40646,2020,7251,984,3651,2615,3453,518,1805,1129,3798,466,1846,1486
40646,2010,7852,1056,4384,2398,3711,536,2196,973,4141,520,2188,1425
40646,2015,7458,981,3962,2506,3509,505,1955,1044,3949,476,2007,1462
40647,2020,17189,1911,8650,6566,8272,977,4509,2741,8917,934,4141,3825
40647,2010,19544,2428,11225,5880,9228,1248,5657,2317,10316,1180,5568,3563
40647,2015,18587,2232,9959,6367,8896,1150,5142,2583,9691,1082,4817,3784
41000,2020,811442,108241,443579,246061,384451,55555,217661,103596,426991,52686,225918,142465
41000,2010,849788,123447,515206,208096,400136,63278,252091,82924,449652,60169,263115,125172
41000,2015,832832,116122,483019,229335,393073,59463,236845,94312,439759,56659,246174,135023
41201,2020,233301,30064,129142,64802,110191,15374,62695,26938,123110,14690,66447,37864
41201,2010,237506,33762,147400,54548,112173,17209,71979,21855,125333,16553,75421,32693
41201,2015,236372,32324,141105,60734,111453,16533,68675,24971,124919,15791,72430,35763
41202,2020,117373,16016,62594,38363,55015,8273,30479,16034,62358,7743,32115,22329
41202,2010,126926,18612,75322,32829,59221,9655,36508,12942,67705,8957,38814,19887
41202,2015,122785,17235,69052,35842,57547,8914,33661,14625,65238,8321,35391,21217
41203,2020,74196,11203,43865,17938,35528,5766,21501,7566,38668,5437,22364,10372
41203,2010,69074,11418,43422,13610,32701,5822,21063,5496,36373,5596,22359,8114
41203,2015,72902,11946,44240,16200,34799,6131,21570,6813,38103,5815,22670,9387
41204,2020,18295,2110,9416,6753,8555,1028,4681,2835,9740,1082,4735,3918
41204,2010,21404,2869,12563,5970,9894,1429,6204,2259,11510,1440,6359,3711
41204,2015,19749,2367,10981,6300,9146,1139,5440,2512,10603,1228,5541,3788
41205,2020,52629,7293,28119,16919,25445,3736,14359,7154,27184,3557,13760,9765
41205,2010,57161,8484,33988,14659,27265,4358,17081,5802,29896,4126,16907,8857
41205,2015,55238,8151,31230,15782,26395,4139,15818,6394,28843,4012,15412,9388
41206,2020,47914,6547,25940,15064,22727,3401,12765,6377,25187,3146,13175,8687
41206,2010,50699,7410,30249,12959,23913,3823,14986,5061,26786,3587,15263,7898
41206,2015,49062,6795,28037,14069,23178,3487,13854,5749,25884,3308,14183,8320
41207,2020,27892,3784,14918,9141,13140,1964,7231,3914,14752,1820,7687,5227
41207,2010,30720,4562,18240,7891,14343,2348,8786,3192,16377,2214,9454,4699
41207,2015,29684,4188,16815,8662,13920,2187,8136,3581,15764,2001,8679,5081
41208,2020,43952,6124,24623,12599,20772,3109,11903,5446,23180,3015,12720,7153
41208,2010,45133,7128,27813,10169,21181,3657,13425,4085,23952,3471,14388,6084
41208,2015,44259,6553,26194,11387,20823,3297,12719,4751,23436,3256,13475,6636
41209,2020,25848,3225,13334,9219,11995,1617,6503,3836,13853,1608,6831,5383
41209,2010,28984,3907,16953,8113,13413,2028,8218,3162,15571,1879,8735,4951
41209,2015,27336,3431,15268,8610,12667,1769,7432,3457,14669,1662,7836,5153
41210,2020,31022,3934,16890,9762,14884,2047,8427,4176,16138,1887,8463,5586
41210,2010,32899,4630,19916,8195,15614,2381,9835,3313,17285,2249,10081,4882
41210,2015,31842,4311,18371,9063,15172,2227,9110,3777,16670,2084,9261,5286
41327,2020,16323,2430,9759,3970,7990,1249,4921,1728,8333,1181,4838,2242
41327,2010,16405,2628,10479,3256,7979,1372,5211,1358,8426,1256,5268,1898
41327,2015,16411,2506,10051,3599,8136,1314,5142,1543,8275,1192,4909,2056
41341,2020,17250,2169,9595,5344,8174,1100,4574,2419,9076,1069,5021,2925
41341,2010,17837,2354,11452,3979,8371,1212,5452,1675,9466,1142,6000,2304
41341,2015,17501,2149,10502,4754,8266,1087,5026,2081,9235,1062,5476,2673
41345,2020,9286,1391,5258,2422,4455,734,2544,1057,4831,657,2714,1365
41345,2010,9224,1607,5731,1885,4380,819,2765,796,4844,788,2966,1089
41345,2015,9283,1490,5621,2172,4379,771,2684,924,4904,719,2937,1248
41346,2020,25511,3337,13258,8842,12170,1730,6587,3815,13341,1607,6671,5027
41346,2010,26175,3173,15643,7359,12394,1629,7684,3081,13781,1544,7959,4278
41346,2015,25278,2998,13945,8335,11969,1537,6869,3563,13309,1461,7076,4772
41387,2020,5609,610,3081,1774,3067,319,1847,762,2542,291,1234,1012
41387,2010,6379,923,3873,1583,3274,471,2159,644,3105,452,1714,939
41387,2015,5902,840,3402,1659,3035,433,1887,714,2867,407,1515,945
41401,2020,19010,2433,9841,6717,8780,1218,4808,2746,10230,1215,5033,3971
41401,2010,20929,3024,12177,5728,9730,1546,5928,2256,11199,1478,6249,3472
41401,2015,20148,2744,11050,6347,9356,1381,5420,2550,10792,1363,5630,3797
41423,2020,6293,643,3072,2566,2903,329,1511,1054,3390,314,1561,1512
41423,2010,7369,866,4202,2301,3380,421,2100,859,3989,445,2102,1442
41423,2015,6777,735,3611,2430,3077,361,1762,953,3700,374,1849,1477
41424,2020,9566,1434,5366,2723,4460,727,2592,1121,5106,707,2774,1602
41424,2010,9515,1312,5767,2411,4451,689,2835,911,5064,623,2932,1500
41424,2015,9583,1360,5644,2578,4497,710,2771,1016,5086,650,2873,1562
41425,2020,22051,2605,11436,7984,10358,1378,5675,3291,11693,1227,5761,4693
41425,2010,25607,3456,14572,7577,11818,1734,7185,2899,13789,1722,7387,4678
41425,2015,23941,2961,13226,7745,11133,1525,6543,3060,12808,1436,6683,4685
41441,2020,8121,889,4072,3159,3842,456,2058,1327,4279,433,2014,1832
41441,2010,9842,1322,5444,3074,4641,675,2687,1278,5201,647,2757,1796
41441,2015,8779,1038,4674,3067,4125,521,2326,1278,4654,517,2348,1789
42000,2020,1312317,164303,706077,430353,616912,84338,345185,180449,695405,79965,360892,249904
42000,2010,1426779,193428,857416,369290,665899,98927,416736,146533,760880,94501,440680,222757
42000,2015,1377187,177562,784862,404686,645763,90930,383709,165381,731424,86632,401153,239305
42201,2020,409118,46771,223535,132604,188519,23975,106195,54621,220599,22796,117340,77983
42201,2010,443766,55317,275191,110405,203574,28039,130689,43344,240192,27278,144502,67061
42201,2015,429508,50265,249601,122974,198716,25512,119702,49606,230792,24753,129899,73368
42202,2020,243223,31507,131710,77173,115131,16035,65430,32069,128092,15472,66280,45104
42202,2010,261101,35525,156652,66705,122430,18128,76939,26090,138671,17397,79713,40615
42202,2015,255439,33765,146170,73685,120198,17204,72240,29830,135241,16561,73930,43855
42203,2020,43338,5462,22194,15523,20157,2841,10831,6388,23181,2621,11363,9135
42203,2010,47455,6361,27120,13878,21985,3285,13100,5539,25470,3076,14020,8339
42203,2015,45436,5872,24719,14811,20999,3009,11928,6045,24437,2863,12791,8766
42204,2020,133852,17924,75013,40900,63544,9307,36789,17439,70308,8617,38224,23461
42204,2010,140752,20146,87201,32811,66192,10324,42265,13308,74560,9822,44936,19503
42204,2015,138078,18921,81661,37472,65029,9798,39678,15537,73049,9123,41983,21935
42205,2020,95397,14964,55134,24034,45448,7696,26664,10309,49949,7268,28470,13725
42205,2010,90517,15241,56821,18096,42952,7843,27438,7439,47565,7398,29383,10657
42205,2015,92757,15141,55972,21353,43938,7782,26956,9003,48819,7359,29016,12350
42207,2020,29365,3382,13778,12151,13771,1730,6995,5015,15594,1652,6783,7136
42207,2010,34905,4476,18850,11579,16187,2301,9454,4432,18718,2175,9396,7147
42207,2015,31920,3720,16276,11914,14874,1885,8240,4740,17046,1835,8036,7174
42208,2020,21271,2575,10573,7843,10278,1278,5481,3353,10993,1297,5092,4490
42208,2010,25145,3360,14198,7523,11914,1749,7228,2875,13231,1611,6970,4648
42208,2015,23309,2987,12541,7762,11164,1537,6501,3112,12145,1450,6040,4650
42209,2020,28502,3311,14166,10989,14060,1751,7548,4736,14442,1560,6618,6253
42209,2010,34407,4837,19435,10135,16705,2460,10047,4198,17702,2377,9388,5937
42209,2015,31457,4122,16651,10675,15361,2158,8742,4452,16096,1964,7909,6223
42210,2020,24948,3213,12062,9640,11837,1661,6154,4013,13111,1552,5908,5627
42210,2010,29377,4178,15855,9342,13917,2116,8056,3744,15460,2062,7799,5598
42210,2015,27103,3736,13749,9615,12860,1905,6992,3961,14243,1831,6757,5654
42211,2020,34391,3611,16677,14002,16141,1800,8314,5961,18250,1811,8363,8041
42211,2010,40622,4807,22242,13545,18782,2481,11013,5273,21840,2326,11229,8272
42211,2015,37327,4146,19353,13710,17339,2107,9625,5540,19988,2039,9728,8170
42212,2020,26275,2836,13084,10182,13120,1440,7103,4404,13155,1396,5981,5778
42212,2010,31176,3710,17501,9965,15156,1917,9309,3930,16020,1793,8192,6035
42212,2015,28691,3193,15040,9805,14032,1643,7998,4043,14659,1550,7042,5762
42213,2020,41096,4914,21437,14677,19378,2501,10641,6197,21718,2413,10796,8480
42213,2010,47245,6310,27283,13609,22262,3275,13596,5363,24983,3035,13687,8246
42213,2015,44115,5530,24559,13978,20847,2852,12257,5710,23268,2678,12302,8268
42214,2020,42330,4735,20469,17109,19598,2350,9983,7252,22732,2385,10486,9857
42214,2010,50363,6361,27737,16255,23281,3213,13527,6535,27082,3148,14210,9720
42214,2015,46535,5476,24118,16866,21574,2752,11812,6973,24961,2724,12306,9893
42307,2020,40780,5932,23607,11105,19196,3027,11256,4838,21584,2905,12351,6267
42307,2010,42535,7058,27075,8068,20006,3650,12692,3463,22529,3408,14383,4605
42307,2015,42548,6509,26015,9890,20090,3390,12341,4279,22458,3119,13674,5611
42308,2020,29339,4532,16883,7859,14116,2471,8197,3396,15223,2061,8686,4463
42308,2010,30110,5156,19415,5538,14457,2736,9365,2355,15653,2420,10050,3183
42308,2015,29804,4803,18121,6854,14326,2606,8766,2936,15478,2197,9355,3918
42321,2020,7721,853,3855,2991,3686,438,1947,1288,4035,415,1908,1703
42321,2010,8903,1027,5157,2716,4158,534,2542,1079,4745,493,2615,1637
42321,2015,8298,930,4560,2805,3886,471,2265,1149,4412,459,2295,1656
42322,2020,13377,1723,7195,4411,6300,892,3497,1885,7077,831,3698,2526
42322,2010,14651,2186,8757,3676,6922,1169,4234,1501,7729,1017,4523,2175
42322,2015,14067,1915,7942,4125,6656,996,3894,1721,7411,919,4048,2404
42323,2020,14291,1968,7676,4598,6753,1030,3738,1957,7538,938,3938,2641
42323,2010,15227,2146,9191,3887,7124,1038,4562,1522,8103,1108,4629,2365
42323,2015,14891,2046,8556,4267,7079,1055,4234,1776,7812,991,4322,2491
42383,2020,2288,196,930,1162,1054,89,462,503,1234,107,468,659
42383,2010,2849,232,1380,1237,1313,119,700,494,1536,113,680,743
42383,2015,2560,229,1162,1169,1172,101,575,496,1388,128,587,673
42391,2020,13912,2321,7650,3922,6591,1212,3687,1679,7321,1109,3963,2243
42391,2010,13599,2251,8406,2938,6343,1143,4006,1191,7256,1108,4400,1747
42391,2015,13626,2203,7882,3539,6426,1132,3793,1499,7200,1071,4089,2040
42411,2020,17503,1573,8449,7478,8234,814,4273,3146,9269,759,4176,4332
42411,2010,22074,2743,11949,7382,10239,1407,5974,2858,11835,1336,5975,4524
42411,2015,19718,2053,10214,7417,9197,1035,5170,2973,10521,1018,5044,4444
43000,2020,1738301,228366,944198,540538,822481,116839,462649,229187,915820,111527,481549,311351
43000,2010,1817426,249606,1093440,463266,853514,127974,533222,186363,963912,121632,560218,276903
43000,2015,1786170,241167,1024400,511484,841046,123581,500297,212154,945124,117586,524103,299330
43100,2020,738865,99199,429187,191066,349115,50625,207631,80083,389750,48574,221556,110983
43100,2015,740822,103433,452822,177325,348470,52754,218329,73367,392352,50679,234493,103958
43101,2020,187502,20774,114452,42812,88508,10559,55316,17335,98994,10215,59136,25477
43101,2015,186300,21858,119352,40881,87044,10979,57416,16319,99256,10879,61936,24562
43102,2020,189524,28048,112036,45768,89763,14414,53956,19475,99761,13634,58080,26293
43102,2015,190451,29224,119073,40933,90096,15064,57140,17255,100355,14160,61933,23678
43103,2020,91177,10822,50806,27524,42796,5507,24766,11374,48381,5315,26040,16150
43103,2015,93171,11596,54722,26247,43494,5913,26516,10675,49677,5683,28206,15572
43104,2020,130829,20812,73626,34600,61632,10621,35345,14727,69197,10191,38281,19873
43104,2015,127769,20291,75193,31718,59975,10379,36058,13248,67794,9912,39135,18470
43105,2020,139833,18743,78267,40362,66416,9524,38248,17172,73417,9219,40019,23190
43105,2015,143131,20464,84482,37546,67861,10419,41199,15870,75270,10045,43283,21676
43201,2010,734474,105410,468350,152435,344291,53747,224768,61475,390183,51663,243582,90960
43202,2020,123067,14679,65046,42131,57298,7487,31566,17647,65769,7192,33480,24484
43202,2010,132266,16842,76585,37378,61446,8554,37315,14820,70820,8288,39270,22558
43202,2015,127472,15775,70779,40424,59221,8046,34429,16500,68251,7729,36350,23924
43203,2020,31108,3709,15261,11649,14363,1893,7436,4748,16745,1816,7825,6901
43203,2010,35611,4871,19859,10825,16370,2499,9651,4172,19241,2372,10208,6653
43203,2015,33880,4356,17804,11633,15625,2226,8731,4615,18255,2130,9073,7018
43204,2020,50832,6383,26066,18248,23900,3280,12844,7707,26932,3103,13222,10541
43204,2010,55321,7284,32277,15723,25780,3773,15798,6188,29541,3511,16479,9535
43204,2015,53407,6813,29141,17377,24887,3482,14240,7133,28520,3331,14901,10244
43205,2020,23557,2673,11219,9624,10913,1408,5527,3946,12644,1265,5692,5678
43205,2010,26978,3272,14834,8872,12388,1720,7212,3456,14590,1552,7622,5416
43205,2015,25411,2984,13148,9272,11693,1538,6461,3691,13718,1446,6687,5581
43206,2020,64292,7960,34050,21983,30410,4128,16728,9413,33882,3832,17322,12570
43206,2010,69541,9107,40962,19322,32602,4666,20044,7795,36939,4441,20918,11527
43206,2015,66782,8477,37301,20826,31348,4368,18201,8682,35434,4109,19100,12144
43208,2020,49025,5867,24416,18601,23000,3011,12036,7875,26025,2856,12380,10726
43208,2010,55391,6882,31217,17125,25957,3610,15368,6880,29434,3272,15849,10245
43208,2015,52264,6332,27848,18054,24495,3257,13726,7497,27769,3075,14122,10557
43210,2020,46416,6100,24328,15807,22076,3117,12015,6853,24340,2983,12313,8954
43210,2010,50194,6749,29567,13834,23906,3521,14690,5668,26288,3228,14877,8166
43210,2015,48167,6374,26798,14820,22984,3276,13344,6271,25183,3098,13454,8549
43211,2020,36122,4863,20084,10885,17272,2480,9929,4687,18850,2383,10155,6198
43211,2010,37727,5526,22836,9280,18010,2840,11252,3860,19717,2686,11584,5420
43211,2015,37026,5227,21439,10299,17679,2686,10560,4397,19347,2541,10879,5902
43212,2020,24563,2541,11653,10321,11502,1276,5775,4431,13061,1265,5878,5890
43212,2010,29902,3712,16297,9859,13843,1916,7978,3929,16059,1796,8319,5930
43212,2015,27006,2993,13849,10127,12550,1525,6801,4204,14456,1468,7048,5923
43213,2020,57032,7189,29603,19919,26991,3695,14528,8567,30041,3494,15075,11352
43213,2010,61878,8272,36357,17118,29031,4223,17803,6915,32847,4049,18554,10203
43213,2015,59756,7833,33129,18738,28121,4080,16209,7792,31635,3753,16920,10946
43214,2020,24930,2778,12035,10051,11763,1426,6050,4250,13167,1352,5985,5801
43214,2010,28444,3443,15909,9086,13240,1778,7820,3636,15204,1665,8089,5450
43214,2015,27018,3239,14143,9633,12668,1696,7006,3963,14350,1543,7137,5670
43215,2020,75783,8436,35883,31011,35420,4364,17789,13064,40363,4072,18094,17947
43215,2010,89065,11288,47773,29868,41098,5783,23534,11691,47967,5505,24239,18177
43215,2015,82739,9832,42098,30809,38353,5011,20778,12564,44386,4821,21320,18245
43216,2020,61772,11505,35085,14960,29702,5903,17206,6511,32070,5602,17879,8449
43216,2010,55002,9203,34746,11001,26452,4762,16954,4701,28550,4441,17792,6300
43216,2015,58370,10561,34574,13199,28034,5411,16871,5740,30336,5150,17703,7459
43348,2020,9392,778,4198,4416,4361,382,2119,1860,5031,396,2079,2556
43348,2010,11388,1089,5941,4358,5278,552,3027,1699,6110,537,2914,2659
43348,2015,10333,963,5058,4308,4792,486,2541,1763,5541,477,2517,2545
43364,2020,5045,704,2508,1833,2399,366,1255,778,2646,338,1253,1055
43364,2010,5554,719,3129,1686,2597,363,1534,690,2957,356,1595,996
43364,2015,5265,724,2795,1745,2486,367,1389,729,2779,357,1406,1016
43367,2020,8979,951,4484,3529,4282,476,2261,1537,4697,475,2223,1992
43367,2010,10564,1185,5949,3430,4978,569,3003,1406,5586,616,2946,2024
43367,2015,9786,1072,5209,3499,4599,524,2616,1454,5187,548,2593,2045
43368,2020,15372,1843,8024,5492,7668,951,4218,2487,7704,892,3806,3005
43368,2010,16594,2167,10077,4345,8026,1116,5120,1785,8568,1051,4957,2560
43368,2015,15889,1931,9000,4955,7741,983,4618,2138,8148,948,4382,2817
43369,2020,9342,950,4410,3961,4397,489,2237,1653,4945,461,2173,2308
43369,2010,11247,1184,6009,4054,5234,624,2966,1644,6013,560,3043,2410
43369,2015,10191,1026,5160,4001,4754,543,2572,1636,5437,483,2588,2365
43403,2020,35187,5980,21234,7632,17449,3118,10843,3264,17738,2862,10391,4368
43403,2010,31234,5100,20190,5837,15397,2640,10259,2418,15837,2460,9931,3419
43403,2015,33452,5705,20711,6899,16467,2975,10502,2901,16985,2730,10209,3998
43404,2020,43337,7429,26215,9043,21220,3759,13189,3979,22117,3670,13026,5064
43404,2010,37734,6713,24619,6129,18549,3424,12324,2632,19185,3289,12295,3497
43404,2015,40984,7286,25673,7696,20011,3702,12823,3332,20973,3584,12850,4364
43423,2020,3750,431,1806,1511,1781,214,919,647,1969,217,887,864
43423,2010,4429,496,2472,1461,2061,239,1241,581,2368,257,1231,880
43423,2015,4048,454,2083,1511,1903,225,1047,631,2145,229,1036,880
43424,2020,6590,699,3106,2775,3135,364,1595,1169,3455,335,1511,1606
43424,2010,7877,968,4250,2652,3731,514,2159,1057,4146,454,2091,1595
43424,2015,7187,793,3668,2726,3398,421,1856,1121,3789,372,1812,1605
43425,2020,1382,145,645,592,714,77,357,280,668,68,288,312
43425,2010,1606,190,834,582,821,110,445,266,785,80,389,316
43425,2015,1510,179,731,600,784,109,386,289,726,70,345,311
43428,2020,5789,628,2633,2503,2788,335,1350,1091,3001,293,1283,1412
43428,2010,6716,758,3631,2327,3212,411,1842,959,3504,347,1789,1368
43428,2015,6325,725,3146,2451,2989,392,1557,1037,3336,333,1589,1414
43432,2020,6426,900,3496,2026,3109,471,1717,917,3317,429,1779,1109
43432,2010,6792,1034,4047,1698,3291,544,2040,701,3501,490,2007,997
43432,2015,6802,1041,3878,1883,3309,550,1936,823,3493,491,1942,1060
43433,2020,9836,1005,4551,4201,4796,543,2331,1872,5040,462,2220,2329
43433,2010,11972,1293,6996,3664,5859,684,3670,1489,6113,609,3326,2175
43433,2015,11503,1222,6274,4007,5611,651,3252,1708,5892,571,3022,2299
43441,2020,16303,2239,8275,5663,7762,1138,4036,2518,8541,1101,4239,3145
43441,2010,17888,2281,10654,4953,8419,1165,5190,2064,9469,1116,5464,2889
43441,2015,17237,2220,9574,5436,8165,1148,4658,2354,9072,1072,4916,3082
43442,2020,9547,1707,5299,2531,4584,839,2662,1074,4963,868,2637,1457
43442,2010,8676,1261,5250,2158,4119,656,2594,864,4557,605,2656,1294
43442,2015,9054,1401,5245,2391,4283,708,2574,989,4771,693,2671,1402
43443,2020,32510,5144,17502,9742,15602,2635,8526,4368,16908,2509,8976,5374
43443,2010,32676,4830,20168,7678,15531,2468,9811,3252,17145,2362,10357,4426
43443,2015,33611,5269,19353,8975,16064,2748,9403,3908,17547,2521,9950,5067
43444,2020,10132,1277,4863,3987,4813,652,2452,1705,5319,625,2411,2282
43444,2010,11181,1279,6191,3709,5202,650,3096,1454,5979,629,3095,2255
43444,2015,10717,1325,5523,3867,5043,704,2743,1596,5674,621,2780,2271
43447,2020,13503,1241,5455,6771,6439,625,2824,2977,7064,616,2631,3794
43447,2010,16981,1658,8569,6754,8129,883,4487,2759,8852,775,4082,3995
43447,2015,15149,1382,7030,6737,7203,714,3629,2860,7946,668,3401,3877
43468,2020,11094,1206,5321,4298,5083,619,2562,1780,6011,587,2759,2518
43468,2010,12715,1526,7281,3898,5877,786,3554,1532,6838,740,3727,2366
43468,2015,11994,1438,6312,4143,5599,738,3101,1702,6395,700,3211,2441
43482,2020,15681,1619,7030,7025,7370,835,3537,2994,8311,784,3493,4031
43482,2010,19316,2109,10269,6932,8928,1073,5070,2781,10388,1036,5199,4151
43482,2015,17661,1886,8716,7056,8248,967,4331,2947,9413,919,4385,4109
43484,2020,4254,460,1984,1790,1993,231,992,759,2261,229,992,1031
43484,2010,5062,657,2642,1759,2364,344,1339,680,2698,313,1303,1079
43484,2015,4673,520,2420,1733,2165,265,1215,685,2508,255,1205,1048
43501,2020,10288,1529,5330,3420,4891,778,2647,1459,5397,751,2683,1961
43501,2010,11075,1815,6479,2781,5167,921,3170,1076,5908,894,3309,1705
43501,2015,10766,1709,5984,3073,5079,873,2928,1278,5687,836,3056,1795
43505,2020,9076,1026,4130,3879,4263,514,2081,1642,4813,512,2049,2237
43505,2010,10554,1355,5649,3550,4953,704,2816,1433,5601,651,2833,2117
43505,2015,9791,1249,4852,3690,4565,618,2400,1547,5226,631,2452,2143
43506,2020,3627,391,1635,1601,1700,203,835,662,1927,188,800,939
43506,2010,4375,523,2266,1586,2014,277,1116,621,2361,246,1150,965
43506,2015,3985,450,1902,1633,1844,234,946,664,2141,216,956,969
43507,2020,2033,264,867,902,938,141,443,354,1095,123,424,548
43507,2010,2405,303,1175,927,1106,158,588,360,1299,145,587,567
43507,2015,2232,294,1055,883,1043,159,533,351,1189,135,522,532
43510,2020,4070,437,1879,1754,1929,223,959,747,2141,214,920,1007
43510,2010,4934,638,2668,1628,2289,306,1327,656,2645,332,1341,972
43510,2015,4468,550,2223,1695,2092,281,1117,694,2376,269,1106,1001
43511,2020,931,72,409,446,447,34,221,191,484,38,188,255
43511,2010,1205,110,588,507,566,62,309,195,639,48,279,312
43511,2015,1055,81,489,485,508,43,263,202,547,38,226,283
43512,2020,3238,513,1520,1168,1498,258,725,497,1740,255,795,671
43512,2010,3681,599,2029,1053,1726,309,999,418,1955,290,1030,635
43512,2015,3422,586,1753,1083,1597,306,857,434,1825,280,896,649
43513,2020,2433,245,1094,1087,1174,128,560,483,1259,117,534,604
43513,2010,4249,455,2174,1620,2003,230,1146,627,2246,225,1028,993
43513,2015,3698,398,1783,1517,1742,218,916,608,1956,180,867,909
43514,2020,14676,1936,7082,5633,6783,967,3419,2379,7893,969,3663,3254
43514,2010,16638,2451,9173,5011,7746,1290,4477,1977,8892,1161,4696,3034
43514,2015,15523,2165,7995,5358,7178,1124,3851,2202,8345,1041,4144,3156
43531,2020,7114,735,3297,3071,3388,381,1717,1282,3726,354,1580,1789
43531,2010,8314,999,4502,2813,3927,510,2316,1101,4387,489,2186,1712
43531,2015,7739,894,3932,2912,3656,449,2051,1155,4083,445,1881,1757
44000,2020,1123852,135272,596527,369192,533414,69103,295579,155841,590438,66169,300948,213351
44000,2010,1196529,155634,717319,316750,564890,79590,352354,128790,631639,76044,364965,187960
44000,2015,1166338,146413,657169,351745,551932,74904,324315,146429,614406,71509,332854,205316
44201,2020,475614,62944,271307,129289,228421,32030,133532,55740,247193,30914,137775,73549
44201,2010,474094,67997,306279,95843,227608,34806,149822,40725,246486,33191,156457,55118
44201,2015,478146,66116,289224,116354,229844,33722,142068,50285,248302,32394,147156,66069
44202,2020,115321,11840,59108,39018,52398,6066,28125,15498,62923,5774,30983,23520
44202,2010,125385,14098,75598,34465,56868,7287,35459,13395,68517,6811,40139,21070
44202,2015,122138,13396,68889,38250,55482,6860,32726,15057,66656,6536,36163,23193
44203,2020,82863,10962,45200,24828,40307,5575,23334,10352,42556,5387,21866,14476
44203,2010,84312,11841,50882,21471,40156,6041,25488,8527,44156,5800,25394,12944
44203,2015,83965,11579,47871,23572,40351,5911,24297,9600,43614,5668,23574,13972
44204,2020,62657,7768,32326,22379,29676,3984,16177,9428,32981,3784,16149,12951
44204,2010,70940,9554,40393,20411,33429,4865,19985,8205,37511,4689,20408,12206
44204,2015,66523,8460,35773,21509,31435,4383,17842,8799,35088,4077,17931,12710
44205,2020,66851,6959,31984,27348,30885,3521,15764,11242,35966,3438,16220,16106
44205,2010,76951,8953,42889,24825,35457,4513,20916,9835,41494,4440,21973,14990
44205,2015,72211,8040,37423,26562,33232,4042,18348,10734,38979,3998,19075,15828
44206,2020,36158,3741,17485,14828,17093,1957,8807,6262,19065,1784,8678,8566
44206,2010,41469,4828,23145,13480,19457,2540,11454,5448,22012,2288,11691,8032
44206,2015,38748,4313,19801,14618,18259,2266,9875,6107,20489,2047,9926,8511
44207,2020,16100,1420,7430,7238,7499,710,3711,3071,8601,710,3719,4167
44207,2010,19917,2111,11119,6686,9318,1067,5548,2702,10599,1044,5571,3984
44207,2015,17969,1742,9084,7129,8346,889,4511,2936,9623,853,4573,4193
44208,2020,20332,1810,8675,9808,9506,942,4379,4158,10826,868,4296,5650
44208,2010,24423,2289,12135,9954,11227,1148,6133,3912,13196,1141,6002,6042
44208,2015,22332,2051,10335,9937,10350,1051,5210,4082,11982,1000,5125,5855
44209,2020,22112,2432,11010,8551,10498,1295,5517,3595,11614,1137,5493,4956
44209,2010,23906,2654,12944,8271,11178,1381,6534,3232,12728,1273,6410,5039
44209,2015,22853,2447,11750,8503,10755,1284,5886,3498,12098,1163,5864,5005
44210,2020,27999,2943,13487,10378,13437,1517,6867,4425,14562,1426,6620,5953
44210,2010,32083,3792,18035,10075,15429,1931,9282,4078,16654,1861,8753,5997
44210,2015,30185,3482,16068,10378,14466,1793,8215,4320,15719,1689,7853,6058
44211,2020,52771,6164,26878,19292,24882,3121,13409,8129,27889,3043,13469,11163
44211,2010,59008,7464,33365,18063,27532,3789,16540,7117,31476,3675,16825,10946
44211,2015,56258,6823,30212,19082,26281,3453,15014,7725,29977,3370,15198,11357
44212,2020,33695,3364,15270,14895,15699,1721,7582,6299,17996,1643,7688,8596
44212,2010,39452,4333,20391,14720,18250,2206,10102,5936,21202,2127,10289,8784
44212,2015,36584,3826,17783,14896,16934,1964,8768,6163,19650,1862,9015,8733
44213,2020,32772,4161,17206,11195,15599,2171,8551,4758,17173,1990,8655,6437
44213,2010,34702,4504,20132,10066,16306,2318,9893,4095,18396,2186,10239,5971
44213,2015,34262,4288,18821,11009,16210,2225,9300,4598,18052,2063,9521,6411
44214,2020,26232,2325,12383,11309,12504,1186,6356,4855,13728,1139,6027,6454
44214,2010,32002,3473,16766,11601,15316,1779,8659,4739,16686,1694,8107,6862
44214,2015,28647,2796,14184,11551,13588,1469,7222,4829,15059,1327,6962,6722
44322,2020,1725,133,650,942,804,76,330,398,921,57,320,544
44322,2010,2189,213,1170,806,1016,118,580,318,1173,95,590,488
44322,2015,1991,171,929,891,925,100,463,362,1066,71,466,529
44341,2020,27723,3803,15187,8510,13230,1954,7470,3668,14493,1849,7717,4842
44341,2010,28221,4182,17022,6951,13345,2098,8266,2934,14876,2084,8756,4017
44341,2015,28058,3977,15968,8037,13324,1994,7868,3418,14734,1983,8100,4619
44461,2020,8541,897,3782,3857,4036,459,1938,1635,4505,438,1844,2222
44461,2010,10421,1145,5415,3861,4874,582,2750,1542,5547,563,2665,2319
44461,2015,9645,1033,4672,3915,4557,535,2388,1612,5088,498,2284,2303
44462,2020,14386,1606,7159,5527,6940,818,3730,2328,7446,788,3429,3199
44462,2010,17054,2203,9639,5201,8124,1121,4943,2050,8930,1082,4696,3151
44462,2015,15823,1873,8382,5552,7593,963,4314,2304,8230,910,4068,3248
45000,2020,1069576,139773,568255,344543,504763,71395,277664,146140,564813,68378,290591,198403
45000,2010,1135233,158588,680854,291301,533035,81264,330701,118460,602198,77324,350153,172841
45000,2015,1104069,149608,622544,322975,519242,76318,302970,134961,584827,73290,319574,188014
45201,2020,401339,53799,224620,110618,189342,27377,107985,47051,211997,26422,116635,63567
45201,2010,400583,58326,254185,85048,187619,29697,121015,35199,212964,28629,133170,49849
45201,2015,401138,56273,238073,100475,188177,28587,113632,42510,212961,27686,124441,57965
45202,2020,160640,22179,86299,50665,75308,11329,42006,21257,85332,10850,44293,29408
45202,2010,169602,23988,100993,44009,79553,12344,49166,17673,90049,11644,51827,26336
45202,2015,165029,23235,93495,47626,77521,11855,45498,19770,87508,11380,47997,27856
45203,2020,118394,14483,61670,40712,56100,7459,30813,16875,62294,7024,30857,23837
45203,2010,131182,18294,77004,35699,61457,9501,37550,14280,69725,8793,39454,21419
45203,2015,125159,16510,69376,38904,58993,8550,34164,16023,66166,7960,35212,22881
45204,2020,50848,5974,25172,19600,23930,3051,12546,8256,26918,2923,12626,11344
45204,2010,57689,6973,32786,17902,27066,3593,16231,7220,30623,3380,16555,10682
45204,2015,54090,6376,28766,18884,25374,3220,14270,7844,28716,3156,14496,11040
45205,2020,43670,5409,21866,16228,20327,2786,10601,6840,23343,2623,11265,9388
45205,2010,48270,6285,27286,14566,22538,3272,13303,5878,25732,3013,13983,8688
45205,2015,46221,5900,24619,15507,21426,3067,11899,6349,24795,2833,12720,9158
45206,2020,59629,8052,31701,19265,28372,4113,15743,8203,31257,3939,15958,11062
45206,2010,63223,9245,38055,15653,29864,4763,18561,6392,33359,4482,19494,9261
45206,2015,61761,8690,34905,17936,29370,4468,17284,7462,32391,4222,17621,10474
45207,2020,16822,1934,7565,7193,7876,982,3774,3037,8946,952,3791,4156
45207,2010,20453,2356,10733,7315,9400,1201,5368,2798,11053,1155,5365,4517
45207,2015,18779,2104,9197,7201,8752,1079,4659,2878,10027,1025,4538,4323
45208,2020,28610,3287,14167,10826,13423,1685,6962,4622,15187,1602,7205,6204
45208,2010,32614,4364,18588,9658,15394,2245,9157,3989,17220,2119,9431,5669
45208,2015,30683,3829,16381,10432,14395,1959,8072,4346,16288,1870,8309,6086
45209,2020,17638,1924,8188,7471,8339,959,4117,3229,9299,965,4071,4242
45209,2010,21606,2492,11587,7470,10134,1309,5830,2959,11472,1183,5757,4511
45209,2015,19538,2179,9694,7312,9208,1110,4886,3014,10330,1069,4808,4298
45341,2020,25591,4410,13875,7248,11932,2281,6541,3070,13659,2129,7334,4178
45341,2010,24800,4017,15108,5655,11497,2000,7216,2270,13303,2017,7892,3385
45341,2015,25404,4266,14422,6482,11778,2132,6810,2709,13626,2134,7612,3773
45361,2020,8639,932,4050,3609,4127,490,2018,1584,4512,442,2032,2025
45361,2010,10000,1152,5495,3351,4743,625,2785,1331,5257,527,2710,2020
45361,2015,9300,997,4843,3460,4428,528,2455,1445,4872,469,2388,2015
45382,2020,18398,2106,9411,6854,8609,1040,4617,2935,9789,1066,4794,3919
45382,2010,20909,2646,12475,5783,9776,1334,6064,2376,11133,1312,6411,3407
45382,2015,19606,2261,10895,6444,9100,1130,5272,2694,10506,1131,5623,3750
45383,2020,6934,974,3406,2554,3267,502,1652,1113,3667,472,1754,1441
45383,2010,7224,970,4162,2092,3370,469,2023,878,3854,501,2139,1214
45383,2015,7345,1090,3883,2372,3421,543,1854,1024,3924,547,2029,1348
45401,2020,19922,2614,10717,6500,9497,1336,5338,2752,10425,1278,5379,3748
45401,2010,21733,2952,13226,5467,10324,1495,6549,2225,11409,1457,6677,3242
45401,2015,21025,2813,11921,6175,9900,1426,5839,2573,11125,1387,6082,3602
45402,2020,16564,2212,9093,5255,8096,1150,4626,2317,8468,1062,4467,2938
45402,2010,18092,2725,11285,4082,8916,1409,5754,1753,9176,1316,5531,2329
45402,2015,17373,2485,10054,4783,8550,1259,5185,2080,8823,1226,4869,2703
45403,2020,1000,136,427,437,492,82,231,179,508,54,196,258
45403,2010,1241,137,589,515,599,77,324,198,642,60,265,317
45403,2015,1089,152,471,466,534,99,243,192,555,53,228,274
45404,2020,4895,761,2312,1822,2250,361,1115,774,2645,400,1197,1048
45404,2010,5177,687,2919,1571,2422,348,1423,651,2755,339,1496,920
45404,2015,5231,773,2710,1748,2439,374,1313,752,2792,399,1397,996
45405,2020,15194,1946,7807,5428,7147,1007,3769,2361,8047,939,4038,3067
45405,2010,17009,2537,9973,4491,8084,1269,4973,1837,8925,1268,5000,2654
45405,2015,16109,2233,8800,5072,7703,1133,4390,2177,8406,1100,4410,2895
45406,2020,9906,1246,4816,3838,4677,611,2416,1646,5229,635,2400,2192
45406,2010,11137,1471,6345,3321,5223,736,3130,1357,5914,735,3215,1964
45406,2015,10391,1338,5445,3607,4877,648,2722,1506,5514,690,2723,2101
45421,2020,17379,2367,9045,5946,8276,1212,4515,2534,9103,1155,4530,3412
45421,2010,18854,2813,11050,4991,8912,1467,5406,2039,9942,1346,5644,2952
45421,2015,18183,2586,10087,5503,8596,1319,4984,2287,9587,1267,5103,3216
45429,2020,1486,150,657,678,725,88,335,302,761,62,322,376
45429,2010,1882,237,929,716,924,125,508,291,958,112,421,425
45429,2015,1739,216,817,706,849,120,432,297,890,96,385,409
45430,2020,2503,298,1063,1142,1268,160,593,515,1235,138,470,627
45430,2010,3092,377,1541,1174,1537,174,868,495,1555,203,673,679
45430,2015,2808,341,1307,1160,1414,176,737,501,1394,165,570,659
45431,2020,4826,422,1915,2489,2337,228,1009,1100,2489,194,906,1389
45431,2010,6248,634,2928,2686,2979,323,1520,1136,3269,311,1408,1550
45431,2015,5480,491,2361,2628,2637,263,1225,1149,2843,228,1136,1479
45441,2020,11642,1326,5286,5017,5604,695,2701,2198,6038,631,2585,2819
45441,2010,13723,1739,7236,4746,6472,886,3671,1913,7251,853,3565,2833
45441,2015,12755,1517,6288,4947,6060,793,3199,2065,6695,724,3089,2882
45442,2020,3635,378,1600,1657,1745,173,851,721,1890,205,749,936
45442,2010,4463,502,2117,1844,2113,264,1129,720,2350,238,988,1124
45442,2015,3946,409,1852,1684,1866,197,979,690,2080,212,873,994
45443,2020,3472,454,1527,1491,1697,238,790,669,1775,216,737,822
45443,2010,4427,669,2259,1496,2119,338,1177,602,2308,331,1082,894
45443,2015,3887,544,1882,1461,1874,283,967,624,2013,261,915,837
46000,2020,1588256,205381,832194,505891,748306,105642,401691,216615,839950,99739,430503,289276
46000,2010,1706242,233379,1016150,449692,796896,119488,494025,179756,909346,113891,522125,269936
46000,2015,1648177,220751,929758,479734,773061,113463,450303,199212,875116,107288,479455,280522
46201,2020,593128,75680,321038,158804,276130,39072,149460,67201,316998,36608,171578,91603
46201,2010,605846,84416,388674,127446,281133,43199,183583,51669,324713,41217,205091,75777
46201,2015,599814,80965,358756,145300,279108,41501,168547,60751,320706,39464,190209,84549
46203,2020,101096,15134,54584,29928,48390,7726,26817,12960,52706,7408,27767,16968
46203,2010,105070,16032,62717,25980,49808,8139,30799,10696,55262,7893,31918,15284
46203,2015,103608,15792,58792,28344,49555,8082,28949,12030,54053,7710,29843,16314
46204,2020,20033,2031,9758,8192,9178,1050,4662,3436,10855,981,5096,4756
46204,2010,23638,2707,13409,7522,10629,1397,6400,2832,13009,1310,7009,4690
46204,2015,22046,2397,11655,7992,9965,1222,5567,3174,12081,1175,6088,4818
46206,2020,19270,1967,9177,8050,9064,1030,4600,3393,10206,937,4577,4657
46206,2010,23154,2658,12370,8125,10714,1371,6137,3206,12440,1287,6233,4919
46206,2015,21198,2278,10726,8167,9922,1213,5340,3351,11276,1065,5386,4816
46208,2020,51994,6822,27139,17372,24237,3517,12985,7393,27757,3305,14154,9979
46208,2010,55621,7977,32426,15176,25676,4049,15518,6077,29945,3928,16908,9099
46208,2015,53758,7518,29647,16288,24984,3876,14112,6837,28774,3642,15535,9451
46210,2020,39011,4554,18928,15411,18107,2371,9007,6656,20904,2183,9921,8755
46210,2010,44396,5373,24765,14248,20169,2700,11841,5624,24227,2673,12924,8624
46210,2015,41831,5079,22038,14698,19155,2575,10582,5987,22676,2504,11456,8711
46213,2020,14708,1820,7284,5598,7049,937,3734,2372,7659,883,3550,3226
46213,2010,16951,2379,9316,5254,7954,1239,4643,2070,8997,1140,4673,3184
46213,2015,15967,2116,8382,5465,7550,1060,4222,2265,8417,1056,4160,3200
46214,2020,13819,1270,6482,5898,6397,651,3120,2530,7422,619,3362,3368
46214,2010,17248,1773,9434,6041,7926,920,4646,2360,9322,853,4788,3681
46214,2015,15520,1524,8015,5981,7154,807,3943,2404,8366,717,4072,3577
46215,2020,92403,12750,49189,29697,44570,6516,24862,12741,47833,6234,24327,16956
46215,2010,99589,14382,58030,26896,47062,7470,28890,10545,52527,6912,29140,16351
46215,2015,96076,13730,53842,28303,45926,7096,26963,11733,50150,6634,26879,16570
46216,2020,47153,6134,24323,16626,22167,3201,11755,7170,24986,2933,12568,9456
46216,2010,50822,6611,29407,14801,23617,3375,14419,5822,27205,3236,14988,8979
46216,2015,49249,6341,26909,15569,23063,3299,13000,6536,26186,3042,13909,9033
46217,2020,33310,3654,15819,13797,15556,1868,7754,5906,17754,1786,8065,7891
46217,2010,39221,4468,21145,13587,18273,2256,10562,5441,20948,2212,10583,8146
46217,2015,36557,4063,18779,13706,16946,2066,9250,5623,19611,1997,9529,8083
46218,2020,123135,17537,69521,33905,58976,8931,34205,14780,64159,8606,35316,19125
46218,2010,127487,19305,78871,28489,61135,9980,39191,11515,66352,9325,39680,16974
46218,2015,125857,18511,74757,31662,59966,9620,36679,13250,65891,8891,38078,18412
46219,2020,27490,3165,14107,10172,12742,1610,6744,4362,14748,1555,7363,5810
46219,2010,31144,3881,18204,9057,14480,1986,8854,3638,16664,1895,9350,5419
46219,2015,29282,3606,16008,9658,13609,1829,7695,4079,15673,1777,8313,5579
46220,2020,32887,3656,15698,13016,15107,1898,7414,5569,17780,1758,8284,7447
46220,2010,38704,4350,20811,13528,17434,2219,10030,5174,21270,2131,10781,8354
46220,2015,35439,3902,18277,13227,16164,2029,8801,5318,19275,1873,9476,7909
46221,2020,29329,4016,14579,10513,13998,2053,7175,4629,15331,1963,7404,5884
46221,2010,33034,4483,18511,10008,15456,2276,9149,4014,17578,2207,9362,5994
46221,2015,31479,4302,16783,10329,14775,2180,8240,4318,16704,2122,8543,6011
46222,2020,41390,5685,22168,13441,19778,2917,11147,5657,21612,2768,11021,7784
46222,2010,46121,7003,27197,11913,21438,3573,13241,4620,24683,3430,13956,7293
46222,2015,43156,6260,24571,12305,20261,3191,12101,4959,22895,3069,12470,7346
46223,2020,33080,3684,16138,13247,15447,1867,7931,5640,17633,1817,8207,7607
46223,2010,39065,4661,21034,13352,17927,2317,10517,5083,21138,2344,10517,8269
46223,2015,36352,4203,18979,13144,16857,2102,9489,5254,19495,2101,9490,7890
46224,2020,24453,2754,11490,10166,11327,1427,5651,4223,13126,1327,5839,5943
46224,2010,29304,3431,15440,10429,13392,1733,7612,4043,15912,1698,7828,6386
46224,2015,26810,2974,13289,10385,12344,1545,6533,4188,14466,1429,6756,6197
46225,2020,76348,10978,40949,23946,35748,5609,19520,10315,40600,5369,21429,13631
46225,2010,74809,10575,44802,19388,34763,5419,21370,7941,40046,5156,23432,11447
46225,2015,75173,10777,42403,21858,35004,5544,20114,9255,40169,5233,22289,12603
46303,2020,405,95,203,107,191,45,104,42,214,50,99,65
46303,2010,418,71,220,127,218,28,139,51,200,43,81,76
46303,2015,407,81,214,112,207,37,123,47,200,44,91,65
46304,2020,740,143,393,204,412,77,232,103,328,66,161,101
46304,2010,657,72,361,224,358,37,224,97,299,35,137,127
46304,2015,756,131,410,215,413,74,240,99,343,57,170,116
46392,2020,20243,2199,9553,8447,9439,1137,4758,3512,10804,1062,4795,4935
46392,2010,24109,2848,12737,8524,11209,1480,6447,3282,12900,1368,6290,5242
46392,2015,22400,2592,11300,8472,10416,1337,5682,3379,11984,1255,5618,5093
46404,2020,9705,1384,4768,3545,4706,725,2451,1525,4999,659,2317,2020
46404,2010,11105,1581,5974,3550,5276,795,3049,1432,5829,786,2925,2118
46404,2015,10431,1475,5438,3518,5017,759,2793,1465,5414,716,2645,2053
46452,2020,9119,890,4201,4026,4403,470,2225,1706,4716,420,1976,2320
46452,2010,11595,1275,6255,4065,5638,644,3422,1572,5957,631,2833,2493
46452,2015,10327,1098,5213,4007,5015,568,2813,1628,5312,530,2400,2379
46468,2020,12385,1417,6082,4869,5868,741,2976,2139,6517,676,3106,2730
46468,2010,14215,1657,7964,4574,6685,841,3929,1904,7530,816,4035,2670
46468,2015,13241,1514,6964,4761,6255,784,3439,2032,6986,730,3525,2729
46482,2020,6237,878,3066,2287,2946,479,1494,970,3291,399,1572,1317
46482,2010,6802,853,3645,2304,3164,440,1808,916,3638,413,1837,1388
46482,2015,6530,871,3347,2312,3073,471,1639,963,3457,400,1708,1349
46490,2020,6944,699,3011,3233,3259,330,1520,1408,3685,369,1491,1825
46490,2010,8987,995,4390,3587,4170,503,2222,1441,4817,492,2168,2146
46490,2015,7923,817,3704,3402,3676,398,1907,1371,4247,419,1797,2031
46491,2020,6481,583,2701,3197,3078,294,1419,1365,3403,289,1282,1832
46491,2010,8815,871,4123,3821,4035,446,2116,1473,4780,425,2007,2348
46491,2015,7542,713,3391,3437,3510,369,1767,1373,4032,344,1624,2064
46492,2020,14227,1654,6687,5886,6982,916,3476,2590,7245,738,3211,3296
46492,2010,17160,1898,8969,6288,8056,953,4592,2508,9104,945,4377,3780
46492,2015,15664,1760,7774,6125,7466,934,3978,2549,8198,826,3796,3576
46501,2020,7539,951,3618,2967,3549,468,1853,1226,3990,483,1765,1741
46501,2010,8696,1172,4550,2974,4114,600,2318,1196,4582,572,2232,1778
46501,2015,8135,1056,4165,2907,3815,547,2101,1162,4320,509,2064,1745
46502,2020,5445,725,2751,1963,2726,380,1497,843,2719,345,1254,1120
46502,2010,6218,859,3451,1908,3051,432,1838,781,3167,427,1613,1127
46502,2015,5745,766,3074,1899,2839,400,1658,779,2906,366,1416,1120
46505,2020,11858,1607,5926,4315,5800,804,3026,1963,6058,803,2900,2352
46505,2010,13589,2001,7779,3806,6641,1027,4005,1608,6948,974,3774,2198
46505,2015,12913,1891,6967,4049,6311,956,3602,1750,6602,935,3365,2299
46523,2020,1364,141,636,586,673,84,338,250,691,57,298,336
46523,2010,1765,222,903,640,836,114,473,249,929,108,430,391
46523,2015,1530,175,760,595,751,100,417,234,779,75,343,361
46524,2020,1621,203,718,700,792,101,370,321,829,102,348,379
46524,2010,1932,220,995,717,905,114,510,281,1027,106,485,436
46524,2015,1722,201,868,653,811,99,436,276,911,102,432,377
46525,2020,8546,1043,4227,3251,4215,526,2287,1387,4331,517,1940,1864
46525,2010,9874,1249,5269,3356,4687,644,2728,1315,5187,605,2541,2041
46525,2015,9042,1093,4757,3189,4319,557,2485,1275,4723,536,2272,1914
46527,2020,5817,918,2990,1906,2812,484,1471,854,3005,434,1519,1052
46527,2010,6078,972,3322,1782,2888,486,1672,728,3190,486,1650,1054
46527,2015,5806,929,3094,1779,2795,480,1552,759,3011,449,1542,1020
46529,2020,6629,824,3118,2663,3255,411,1656,1178,3374,413,1462,1485
46529,2010,8169,1184,4299,2684,3929,653,2240,1035,4240,531,2059,1649
46529,2015,7212,908,3650,2647,3492,484,1908,1096,3720,424,1742,1551
46530,2020,10147,1533,5246,3368,4967,795,2662,1510,5180,738,2584,1858
46530,2010,12090,1996,6800,3294,5919,1077,3527,1315,6171,919,3273,1979
46530,2015,11160,1772,6076,3310,5465,934,3137,1394,5695,838,2939,1916
46531,2020,5517,769,2701,2047,2788,409,1461,918,2729,360,1240,1129
46531,2010,6653,1007,3551,2095,3367,544,1957,866,3286,463,1594,1229
46531,2015,5975,858,3122,1995,2997,453,1698,846,2978,405,1424,1149
46532,2020,6139,985,2831,2323,3074,491,1516,1067,3065,494,1315,1256
46532,2010,6844,976,3478,2390,3361,492,1880,989,3483,484,1598,1401
46532,2015,6362,965,3145,2251,3169,490,1686,992,3193,475,1459,1259
46533,2020,6246,904,3075,2267,3081,468,1609,1004,3165,436,1466,1263
46533,2010,7114,1145,3883,2068,3441,580,2028,824,3673,565,1855,1244
46533,2015,6783,1054,3603,2126,3307,538,1902,867,3476,516,1701,1259
46534,2020,5750,798,2745,2163,2862,390,1430,1024,2888,408,1315,1139
46534,2010,6806,1030,3751,2025,3385,552,1990,843,3421,478,1761,1182
46534,2015,6213,923,3319,1971,3125,480,1774,871,3088,443,1545,1100
46535,2020,5115,747,2576,1792,2460,366,1317,777,2655,381,1259,1015
46535,2010,5327,760,2918,1649,2577,388,1509,680,2750,372,1409,969
46535,2015,5186,770,2795,1621,2509,377,1439,693,2677,393,1356,928
47000,2020,1467480,243246,871154,324708,722812,124010,437261,146072,744668,119236,433893,178636
47000,2010,1392818,246313,897960,240507,683328,126073,450676,102232,709490,120240,447284,138275
47000,2015,1433566,247206,892109,278337,704619,126229,447136,122713,728947,120977,444973,155624
47201,2020,317625,46166,189536,72287,154042,23507,94267,30775,163583,22659,95269,41512
47201,2010,315954,51267,205012,55644,151848,26163,100787,22853,164106,25104,104225,32791
47201,2015,319435,49811,200177,63513,154685,25402,99189,26812,164750,24409,100988,36701
47205,2020,100125,16651,60492,18925,48826,8398,29913,8259,51299,8253,30579,10666
47205,2010,91928,16546,60864,13428,44720,8483,29904,5774,47208,8063,30960,7654
47205,2015,96243,16900,61590,15950,47022,8563,30475,6948,49221,8337,31115,9002
47207,2020,47637,8162,28172,10482,24001,4158,14429,4863,23636,4004,13743,5619
47207,2010,46922,8637,30180,7989,23310,4405,15449,3380,23612,4232,14731,4609
47207,2015,47564,8639,29602,9067,23659,4370,15049,4076,23905,4269,14553,4991
47208,2020,115690,19722,71286,23180,55977,10035,35105,10209,59713,9687,36181,12971
47208,2010,110351,21264,72687,15846,53948,10962,35732,6910,56403,10302,36955,8936
47208,2015,114232,20910,72626,19476,55471,10642,35553,8649,58761,10268,37073,10827
47209,2020,63554,10536,37252,13901,31606,5398,18741,6430,31948,5138,18511,7471
47209,2010,60231,10401,38132,10227,30036,5409,19320,4480,30195,4992,18812,5747
47209,2015,61674,10501,38151,11912,30626,5409,19241,5398,31048,5092,18910,6514
47210,2020,61007,10960,36069,13522,30707,5559,18523,6394,30300,5401,17546,7128
47210,2010,57320,10727,37097,9480,28739,5499,19100,4131,28581,5228,17997,5349
47210,2015,58547,10870,36480,11121,29333,5518,18630,5138,29214,5352,17850,5983
47211,2020,142752,23829,85673,28854,69489,12183,42248,12633,73263,11646,43425,16221
47211,2010,130249,24925,85013,20137,63195,12689,41934,8444,67054,12236,43079,11693
47211,2015,139279,25466,88084,24933,67522,12985,43309,10786,71757,12481,44775,14147
47212,2020,64612,12526,38759,12729,31465,6347,19216,5657,33147,6179,19543,7072
47212,2010,57261,11475,37545,8241,27860,5855,18481,3524,29401,5620,19064,4717
47212,2015,61119,12206,38232,10189,29761,6270,18827,4480,31358,5936,19405,5709
47213,2020,125303,21184,75679,28050,63049,10930,38886,12985,62254,10254,36793,15065
47213,2010,116979,21174,75316,20445,58198,10765,38668,8738,58781,10409,36648,11707
47213,2015,118898,20632,73870,23623,59409,10609,37729,10605,59489,10023,36141,13018
47214,2020,52931,8402,29513,14079,26481,4350,15249,6410,26450,4052,14264,7669
47214,2010,52039,8685,31230,12073,25502,4469,15773,5224,26537,4216,15457,6849
47214,2015,51186,8419,29710,12640,25131,4333,14935,5658,26055,4086,14775,6982
47215,2020,44043,7734,24757,11409,22164,3974,12721,5383,21879,3760,12036,6026
47215,2010,39758,6459,24879,8415,20070,3345,13020,3703,19688,3114,11859,4712
47215,2015,42016,7062,25170,9740,21194,3611,13116,4443,20822,3451,12054,5297
47301,2020,4517,587,2380,1550,2317,301,1253,763,2200,286,1127,787
47301,2010,5188,697,3062,1429,2577,340,1664,573,2611,357,1398,856
47301,2015,4908,646,2772,1490,2464,318,1489,657,2444,328,1283,833
47302,2020,3092,351,1594,1146,1640,173,866,600,1452,178,728,546
47302,2010,3221,361,1867,993,1641,181,1043,417,1580,180,824,576
47302,2015,3060,373,1691,996,1574,182,920,472,1486,191,771,524
47303,2020,1598,198,813,587,884,109,466,309,714,89,347,278
47303,2010,1794,247,1083,464,994,145,633,216,800,102,450,248
47303,2015,1720,232,968,520,946,122,566,258,774,110,402,262
47306,2020,8894,1335,4538,3019,4466,665,2332,1469,4428,670,2206,1550
47306,2010,9257,1375,5425,2457,4597,686,2895,1016,4660,689,2530,1441
47306,2015,9531,1443,5409,2677,4794,711,2872,1210,4737,732,2537,1467
47308,2020,12530,1796,6547,4107,6337,906,3353,2035,6193,890,3194,2072
47308,2010,13870,1878,8581,3411,6989,983,4586,1420,6881,895,3995,1991
47308,2015,13536,1948,7919,3653,6902,1014,4215,1663,6634,934,3704,1990
47311,2020,10869,1585,6663,2621,5497,765,3475,1257,5372,820,3188,1364
47311,2010,10144,1528,6567,2017,5109,786,3437,863,5035,742,3130,1154
47311,2015,10652,1574,6829,2249,5464,811,3649,1004,5188,763,3180,1245
47313,2020,5833,1157,3179,1491,2907,569,1653,681,2926,588,1526,810
47313,2010,5331,1009,3196,1126,2654,529,1657,468,2677,480,1539,658
47313,2015,5597,1140,3159,1295,2775,584,1616,572,2822,556,1543,723
47314,2020,10806,1874,5920,3006,5371,946,3109,1311,5435,928,2811,1695
47314,2010,11066,1876,6632,2558,5440,945,3461,1034,5626,931,3171,1524
47314,2015,11232,1965,6438,2828,5565,980,3380,1204,5667,985,3058,1624
47315,2020,4118,623,2071,1424,2074,328,1094,652,2044,295,977,772
47315,2010,4737,665,2809,1263,2389,349,1515,525,2348,316,1294,738
47315,2015,4260,609,2377,1274,2161,317,1295,549,2099,292,1082,725
47324,2020,41206,7073,24950,9050,20242,3585,12364,4225,20964,3488,12586,4825
47324,2010,38200,7215,24609,6370,18913,3752,12389,2767,19287,3463,12220,3603
47324,2015,39504,7229,24832,7281,19481,3704,12455,3246,20023,3525,12377,4035
47325,2020,13521,2307,7862,3273,6561,1168,3929,1414,6960,1139,3933,1859
47325,2010,13827,2399,8515,2898,6763,1269,4299,1185,7064,1130,4216,1713
47325,2015,13685,2346,8251,3055,6668,1229,4133,1287,7017,1117,4118,1768
47326,2020,28201,4780,16975,5765,13483,2434,8186,2572,14718,2346,8789,3193
47326,2010,27264,5034,17717,4360,13185,2596,8644,1866,14079,2438,9073,2494
47326,2015,28308,5028,17925,5200,13554,2551,8643,2300,14754,2477,9282,2900
47327,2020,17969,2973,10528,4294,8667,1474,5156,1925,9302,1499,5372,2369
47327,2010,15951,2786,9943,3220,7680,1400,4946,1334,8271,1386,4997,1886
47327,2015,16148,2699,9827,3552,7780,1333,4870,1539,8368,1366,4957,2013
47328,2020,22157,3865,13021,4113,11036,1966,6590,1868,11121,1899,6431,2245
47328,2010,17680,2904,11757,2913,8881,1471,6082,1263,8799,1433,5675,1650
47328,2015,19454,3369,12533,3453,9730,1762,6372,1546,9724,1607,6161,1907
47329,2020,34984,5637,21351,7514,17647,2892,10956,3518,17337,2745,10395,3996
47329,2010,34766,6266,23590,4867,17328,3158,11951,2192,17438,3108,11639,2675
47329,2015,34508,5528,21341,5946,17280,2805,10808,2786,17228,2723,10533,3160
47348,2020,19695,3750,11665,3902,9554,1945,5699,1759,10141,1805,5966,2143
47348,2010,16318,3035,10546,2737,7868,1522,5209,1137,8450,1513,5337,1600
47348,2015,18410,3418,11350,3358,8832,1746,5504,1451,9578,1672,5846,1907
47350,2020,40440,8161,24111,7862,19825,4162,11898,3628,20615,3999,12213,4234
47350,2010,35244,6908,23054,5224,17358,3514,11469,2342,17886,3394,11585,2882
47350,2015,37502,7380,23454,6383,18429,3794,11586,2919,19073,3586,11868,3464
47353,2020,718,138,434,146,387,74,235,78,331,64,199,68
47353,2010,760,128,486,146,409,69,287,53,351,59,199,93
47353,2015,730,109,466,155,408,58,278,72,322,51,188,83
47354,2020,892,160,545,187,486,94,292,100,406,66,253,87
47354,2010,865,151,513,201,451,75,287,89,414,76,226,112
47354,2015,870,156,542,172,465,81,303,81,405,75,239,91
47355,2020,683,82,346,248,384,38,205,138,299,44,141,110
47355,2010,863,118,454,291,460,59,273,128,403,59,181,163
47355,2015,759,94,414,251,434,39,270,125,325,55,144,126
47356,2020,346,29,174,143,206,20,111,75,140,9,63,68
47356,2010,452,35,266,151,263,16,179,68,189,19,87,83
47356,2015,430,40,261,129,278,24,189,65,152,16,72,64
47357,2020,1285,202,767,316,744,98,468,178,541,104,299,138
47357,2010,1442,237,904,301,832,120,559,153,610,117,345,148
47357,2015,1329,228,818,283,780,111,520,149,549,117,298,134
47358,2020,590,98,365,127,367,58,230,79,223,40,135,48
47358,2010,665,109,449,103,414,54,306,50,251,55,143,53
47358,2015,629,110,408,111,379,55,262,62,250,55,146,49
47359,2020,1126,195,598,333,607,94,334,179,519,101,264,154
47359,2010,1385,258,773,349,714,127,435,147,671,131,338,202
47359,2015,1238,237,675,326,666,117,387,162,572,120,288,164
47360,2020,1322,207,707,408,718,102,414,202,604,105,293,206
47360,2010,1589,264,871,454,848,138,523,187,741,126,348,267
47360,2015,1517,237,860,420,821,122,503,196,696,115,357,224
47361,2020,7192,1075,3965,2145,3823,568,2172,1079,3369,507,1793,1066
47361,2010,8519,1374,4959,2135,4492,729,2790,939,4027,645,2169,1196
47361,2015,7755,1218,4475,2052,4086,637,2474,969,3669,581,2001,1083
47362,2020,30941,5977,17990,6925,15244,3047,9003,3173,15697,2930,8987,3752
47362,2010,26681,4726,17247,4704,13170,2389,8760,2018,13511,2337,8487,2686
47362,2015,29066,5315,18012,5610,14247,2725,8991,2478,14819,2590,9021,3132
47375,2020,1058,150,585,323,575,80,328,167,483,70,257,156
47375,2010,1231,268,641,322,651,143,362,146,580,125,279,176
47375,2015,1194,208,671,315,639,107,381,151,555,101,290,164
47381,2020,3942,707,2308,905,2033,362,1194,463,1909,345,1114,442
47381,2010,3859,601,2461,797,1991,320,1341,330,1868,281,1120,467
47381,2015,3998,680,2469,798,2057,365,1289,376,1941,315,1180,422
47382,2020,1676,302,1014,360,923,148,598,177,753,154,416,183
47382,2010,1657,301,1028,321,841,164,526,145,816,137,502,176
47382,2015,1843,231,1271,341,1147,113,863,171,696,118,408,170
